1101
1 253 668
1 202 206
1 1231 3177
0 465 0
0 1333 0
1 651 3249
1 453 2472
0 1050 0
1 145 881
1 1256 1320
1 342 1528
0 37 0
1 280 2814
0 11 0
1 878 903
1 1278 2808
1 942 3238
1 397 57
1 89 305
1 998 1703
1 1386 1660
1 250 2904
0 865 0
1 21 639
1 1153 751
1 682 3156
1 1246 2932
1 1347 2057
1 955 1432
1 1092 3132
1 559 340
1 998 122
1 94 2562
1 194 1349
1 643 1808
1 905 2449
1 1361 607
1 1374 715
0 1052 0
0 535 0
0 1122 0
1 88 137
0 732 0
1 81 2229
1 219 3241
0 501 0
0 1128 0
1 1006 2187
1 418 1497
0 653 0
0 170 0
1 39 1072
0 1080 0
0 1274 0
1 274 2
0 1289 0
1 1086 2655
1 647 1951
1 1216 2505
0 1119 0
0 724 0
0 1279 0
1 534 955
1 792 1351
1 711 1345
0 719 0
1 939 2615
1 695 2471
1 3 962
0 694 0
1 399 1117
1 837 3074
1 937 252
1 499 2517
0 172 0
0 366 0
0 166 0
1 591 3022
1 1384 569
1 1181 1727
0 387 0
1 832 1386
0 1013 0
0 994 0
1 496 1320
0 208 0
1 1186 2479
0 1092 0
0 1147 0
1 313 3153
0 710 0
0 716 0
0 1353 0
0 109 0
1 1220 1526
1 1269 2918
1 768 253
1 1080 385
0 623 0
0 465 0
1 1431 2720
1 421 934
1 943 1794
0 577 0
0 737 0
0 213 0
1 73 2109
1 1135 2295
1 899 2812
0 544 0
1 833 1738
1 1007 2741
0 115 0
1 787 1541
1 838 175
0 808 0
0 76 0
0 1258 0
0 129 0
1 792 1352
0 401 0
0 1206 0
1 1265 3261
1 1234 786
0 1050 0
0 994 0
1 644 1645
1 320 1015
1 449 1254
1 525 880
1 499 2711
1 1140 579
1 624 2493
1 547 2502
1 1296 1389
1 465 2699
0 737 0
0 112 0
1 151 2352
1 525 533
0 732 0
1 574 2091
1 1124 2645
0 766 0
0 79 0
0 877 0
1 873 2238
0 1250 0
1 1109 453
1 796 1600
0 1095 0
1 540 1800
0 1429 0
1 409 1288
1 959 1555
1 401 1945
1 678 1850
1 674 2882
0 64 0
0 1245 0
0 1201 0
1 184 2814
0 649 0
1 699 2440
1 767 492
1 211 1386
1 1247 1951
1 921 904
1 1185 2528
1 727 450
1 583 1540
0 207 0
0 1205 0
0 745 0
1 252 1765
1 707 242
1 64 1462
0 957 0
1 1071 2116
1 1319 1053
0 236 0
1 798 2781
0 570 0
0 295 0
1 1340 2681
0 136 0
1 168 1650
1 1128 3109
0 688 0
1 1192 784
1 401 1047
1 797 2219
0 233 0
0 1186 0
0 91 0
1 512 1653
0 1288 0
0 1424 0
1 321 2992
1 257 2032
0 787 0
1 332 1587
1 510 700
1 896 1710
0 850 0
1 85 621
0 732 0
0 113 0
1 754 2951
1 134 902
0 1250 0
1 927 1244
1 1248 40
1 441 1078
1 1304 2908
0 1286 0
0 79 0
1 220 2207
1 47 528
0 835 0
1 1387 1855
1 736 704
1 669 1932
0 208 0
1 3 866
0 1363 0
0 1213 0
0 213 0
1 1421 1173
1 1423 932
1 1427 664
1 1143 2247
1 362 1730
1 9 1226
0 898 0
1 115 3264
1 1172 1706
1 39 185
1 784 728
0 1150 0
1 926 298
1 58 583
0 1242 0
0 1115 0
1 363 2338
1 1241 2596
0 1148 0
0 198 0
1 742 2135
1 430 1089
1 1192 3104
1 583 419
1 1101 1930
1 617 1926
0 1286 0
1 324 1488
0 1321 0
1 76 2881
1 1243 2711
0 1415 0
0 467 0
0 103 0
1 687 1236
0 1198 0
0 1346 0
0 760 0
1 945 554
1 1195 1002
1 212 1565
1 506 2242
1 534 2949
0 63 0
0 845 0
0 899 0
1 754 876
1 1076 2403
1 677 3117
0 1168 0
1 1274 606
0 997 0
1 976 1001
0 1179 0
1 363 1560
1 448 1751
1 511 788
1 607 2172
1 863 236
1 616 1954
0 45 0
1 261 2260
1 169 1025
0 159 0
1 111 2522
0 1063 0
1 623 383
0 826 0
1 969 2266
1 1222 3158
1 83 658
0 1050 0
0 718 0
1 451 1726
1 25 644
0 1354 0
1 1266 2120
1 926 905
0 841 0
1 1033 725
0 818 0
0 170 0
0 638 0
0 708 0
0 174 0
1 909 1170
1 159 2824
0 575 0
0 957 0
0 199 0
0 377 0
1 372 2686
0 114 0
1 212 1905
0 197 0
1 1049 535
1 1382 608
1 454 1082
0 366 0
1 416 1931
1 318 1106
0 269 0
0 1242 0
1 1333 3264
1 1350 220
1 200 2216
0 392 0
1 556 2487
0 464 0
1 1132 3286
0 879 0
0 1277 0
1 348 2345
0 1039 0
1 715 187
1 112 2658
1 231 961
0 582 0
1 1343 411
1 863 1497
0 175 0
1 151 1433
0 1399 0
0 1080 0
0 23 0
1 328 1188
0 850 0
0 870 0
1 900 841
1 899 659
1 1059 2787
1 1052 1571
1 14 855
1 531 2224
0 207 0
0 166 0
1 184 1798
0 63 0
1 1396 2011
0 1029 0
0 1229 0
0 16 0
0 920 0
1 697 64
1 232 2462
1 327 3087
1 343 2848
0 1408 0
1 1122 1839
1 1024 513
1 553 2238
1 1031 3267
1 1388 2886
1 202 2707
1 408 1363
1 1190 997
0 1167 0
0 1240 0
0 604 0
1 995 2725
1 1069 1977
1 970 3040
1 1044 1124
1 1342 1617
0 1407 0
0 854 0
1 532 3298
1 798 2451
0 707 0
0 900 0
1 1232 1737
1 1124 1767
0 1120 0
1 1407 2412
0 41 0
1 1219 127
1 670 1219
0 849 0
0 1004 0
1 1375 2615
0 1089 0
0 922 0
1 1375 1591
1 175 3285
1 290 2765
0 307 0
1 145 62
0 1193 0
1 722 19
1 257 918
1 548 906
1 45 1749
0 147 0
1 1266 1602
1 1063 1991
1 602 2624
0 1193 0
1 58 1292
1 59 2708
0 1354 0
1 1168 2694
1 301 2115
1 47 895
1 978 1737
0 485 0
0 896 0
0 337 0
0 792 0
1 1418 2340
0 68 0
1 1257 1496
1 1250 1778
0 539 0
0 1323 0
0 917 0
0 231 0
1 110 3163
1 875 2046
0 875 0
0 184 0
1 705 2580
0 395 0
1 806 2123
0 801 0
0 1020 0
1 1431 1073
0 756 0
1 465 1489
1 697 546
1 1405 669
1 408 2554
1 307 712
0 17 0
1 891 824
1 393 2705
0 298 0
1 846 20
1 91 2503
0 233 0
1 63 2583
1 44 3159
0 1114 0
1 870 1756
0 753 0
1 271 2394
1 6 1316
1 169 2153
1 1283 3
0 401 0
1 910 1841
1 177 2131
1 970 2024
1 1372 2361
0 335 0
0 1208 0
0 1034 0
1 248 3134
1 1156 1114
0 1034 0
1 1059 766
0 161 0
1 340 1395
1 1333 932
1 1337 2359
1 690 463
0 22 0
1 400 1594
0 624 0
1 1281 2950
1 446 1274
1 94 3291
0 233 0
1 545 2490
1 358 2922
1 230 928
1 892 783
0 559 0
0 608 0
0 537 0
1 1401 686
0 550 0
0 1328 0
0 583 0
0 347 0
1 1203 2711
1 517 1602
0 1279 0
0 434 0
1 536 3206
1 1286 2074
0 70 0
0 217 0
1 887 2855
0 1318 0
0 811 0
1 309 1652
0 1284 0
1 449 742
1 240 242
1 267 778
0 1373 0
1 1195 3133
1 318 2175
1 148 2086
1 102 1094
0 466 0
1 76 339
1 380 2113
0 1100 0
1 444 3137
0 1184 0
1 539 1008
1 173 3020
1 802 1192
0 3 0
0 538 0
0 956 0
1 888 1452
1 11 245
1 891 2635
1 1317 2008
1 1264 1855
0 301 0
0 986 0
1 703 677
0 1100 0
1 1084 652
1 1017 2434
0 309 0
0 503 0
1 1068 2129
1 317 782
0 1010 0
0 916 0
0 604 0
0 828 0
0 1134 0
1 984 2
0 374 0
0 203 0
1 440 494
1 644 2123
1 874 614
0 1193 0
1 1108 2917
0 907 0
0 1304 0
1 1166 1267
0 1302 0
0 1152 0
1 691 1321
1 1406 1935
1 135 2872
0 231 0
1 215 1787
1 1019 1319
1 1425 2538
0 130 0
0 136 0
0 89 0
1 1378 1995
1 907 938
1 940 675
0 1152 0
1 1110 2231
1 1080 725
1 557 305
1 32 701
1 1336 771
1 827 1267
1 265 1352
0 1106 0
0 154 0
0 950 0
0 1316 0
1 1249 690
0 434 0
0 741 0
1 205 3214
0 1080 0
1 318 392
0 1304 0
1 1168 1501
0 1094 0
1 1061 183
1 984 2438
0 634 0
0 825 0
0 645 0
1 935 1694
0 817 0
1 637 1598
1 935 2908
1 1385 2609
1 862 3199
0 883 0
0 604 0
1 1285 1039
0 471 0
1 421 373
0 439 0
0 1056 0
1 776 2299
1 130 1761
0 1010 0
1 131 2728
0 193 0
0 1134 0
0 837 0
0 969 0
1 793 280
1 73 3163
1 1412 515
1 841 1894
1 1270 2117
1 349 126
1 1272 609
0 544 0
1 1403 1263
1 526 2679
1 612 2793
0 852 0
0 1044 0
0 837 0
0 1147 0
1 483 2139
1 313 753
1 1044 2705
1 458 1677
1 844 2756
0 383 0
1 676 1459
0 419 0
1 1103 271
0 145 0
0 152 0
1 387 1946
1 753 96
0 483 0
1 469 2219
1 1238 893
1 1187 449
0 186 0
0 364 0
1 76 3021
0 493 0
0 1239 0
1 689 3158
0 290 0
0 1424 0
0 1172 0
0 1016 0
0 179 0
0 320 0
1 235 602
1 1207 448
1 963 1011
0 1384 0
1 373 2930
0 591 0
0 674 0
1 815 351
1 477 906
0 106 0
1 1359 721
0 898 0
0 96 0
1 1295 1855
1 185 2804
0 1324 0
1 188 2477
1 1411 2209
0 1262 0
1 536 579
0 1410 0
1 63 1356
0 867 0
1 1235 853
0 593 0
0 1362 0
0 301 0
1 1233 1089
0 1025 0
0 508 0
1 102 1513
1 998 1167
1 791 3092
0 967 0
0 1375 0
0 1386 0
0 525 0
1 494 3177
1 1068 2881
1 407 127
1 1 1707
1 976 1828
1 869 1597
0 1262 0
1 865 1123
1 734 1540
1 345 1055
1 406 236
1 669 2175
1 342 2691
1 1 1713
1 938 2940
1 1107 2957
1 154 867
0 1234 0
1 1252 807
0 694 0
0 842 0
0 613 0
0 1035 0
0 367 0
1 987 901
1 1191 2075
1 67 2235
1 1430 415
1 1251 2659
1 612 2552
0 231 0
1 1044 516
1 735 1796
0 1419 0
1 664 1749
1 481 1448
0 117 0
0 488 0
1 1399 528
0 766 0
1 322 3134
0 1110 0
0 935 0
1 1045 7
1 183 2705
0 167 0
1 1012 1063
1 391 1748
0 1190 0
1 544 2335
0 328 0
0 1256 0
1 817 2517
0 824 0
0 190 0
1 378 96
0 1269 0
0 119 0
1 980 1026
0 854 0
1 285 2332
1 32 1563
1 835 2828
0 1063 0
1 501 1231
0 587 0
1 36 924
0 440 0
0 1313 0
1 221 2040
1 1132 139
0 1109 0
1 494 152
0 875 0
0 468 0
1 566 1741
1 216 2546
1 1176 2973
0 50 0
0 1050 0
1 1051 1558
0 191 0
0 1195 0
1 389 2605
1 398 2806
0 1395 0
0 794 0
0 502 0
1 270 388
1 494 2116
1 220 3157
1 1360 1991
1 832 1350
1 297 2293
1 820 3181
0 1062 0
0 746 0
0 563 0
0 1397 0
0 1111 0
1 399 3079
1 600 650
1 220 283
1 149 2674
1 96 218
1 258 1067
1 639 1570
0 410 0
1 846 1402
1 337 509
1 1034 363
1 1346 26
0 494 0
0 273 0
1 86 3012
1 738 1595
1 218 1577
0 101 0
1 951 1566
0 659 0
0 1038 0
0 1251 0
1 1 1526
1 251 1074
1 1077 1030
1 711 163
0 393 0
0 493 0
1 208 2504
1 50 1405
1 418 2039
0 1243 0
0 230 0
1 822 663
1 722 268
0 235 0
0 1338 0
1 1171 136
0 1200 0
0 1249 0
1 335 1625
1 1286 2238
1 1283 1874
0 1172 0
1 562 420
1 1346 2742
1 977 2815
0 1202 0
1 47 3169
1 747 512
0 1009 0
1 103 2428
0 651 0
0 544 0
0 285 0
0 860 0
1 203 1860
1 1151 2538
1 1206 639
0 678 0
1 868 2803
0 931 0
0 1250 0
0 36 0
1 10 934
1 149 1725
1 551 717
0 558 0
1 82 125
1 662 3271
1 1409 3040
1 83 2883
0 154 0
1 1425 1881
1 1403 971
1 426 2583
1 1215 2212
0 172 0
0 1394 0
1 1275 2519
1 1093 1349
0 685 0
1 934 1585
1 282 1793
1 1109 1251
0 827 0
0 1244 0
0 544 0
0 171 0
1 843 2042
1 153 2032
1 265 2414
0 47 0
0 1430 0
1 927 2832
1 1111 1997
0 1199 0
1 777 2133
1 435 1906
0 212 0
1 888 3040
0 405 0
1 885 2085
1 578 1199
0 1281 0
0 902 0
1 1320 2670
0 414 0
1 978 1082
0 774 0
1 879 3051
1 1358 2139
1 249 2257
0 756 0
1 535 1544
0 440 0
1 559 855
1 137 1366
0 780 0
0 321 0
1 779 3010
1 1076 3051
1 428 293
0 227 0
0 1363 0
0 1187 0
1 1153 1992
1 294 323
0 354 0
0 974 0
0 805 0
0 13 0
1 33 2273
0 19 0
1 684 1246
0 1289 0
1 1381 2111
1 1073 351
1 991 535
0 461 0
1 333 2928
0 1105 0
1 1298 1071
0 377 0
0 680 0
1 717 3021
0 1348 0
1 720 262
1 1010 166
0 404 0
1 1105 2192
0 443 0
1 1141 525
1 1430 1843
0 751 0
0 963 0
0 1265 0
1 139 1430
1 993 1211
1 684 2115
1 280 630
1 55 3214
1 753 610
1 1063 1835
1 954 2280
1 463 787
1 1199 187
1 982 2508
0 155 0
0 411 0
0 1073 0
1 1045 2309
1 295 532
1 209 1792
1 404 2063
1 882 579
1 927 127
0 515 0
0 418 0
1 351 2284
1 1169 645
0 1183 0
1 707 1651
0 18 0
1 43 1452
0 281 0
1 728 614
1 1172 3154
0 559 0
0 135 0
0 646 0
0 191 0
1 148 2640
1 761 104
1 970 1591
1 211 2250
1 10 2401
1 590 2848
0 1206 0
1 637 1786
1 644 919
1 129 1595
0 913 0
1 784 93
1 1141 2470
0 996 0
0 557 0
1 1366 2980
1 671 1115
1 87 806
0 440 0
1 601 3260
1 699 170
0 1002 0
0 1240 0
0 770 0
1 892 1914
1 1030 473
1 160 2552
0 566 0
1 186 1304
0 191 0
1 594 3016
1 1114 1701
1 625 1917
1 153 566
0 1364 0
0 106 0
1 859 3269
0 519 0
1 470 2801
0 367 0
1 1031 2331
0 401 0
1 1378 2259
1 322 2146
0 466 0
0 1001 0
0 797 0
0 127 0
0 783 0
1 116 3298
1 774 3092
1 197 2429
0 712 0
1 772 30
0 1078 0
0 1281 0
1 328 1205
0 578 0
0 1311 0
1 793 1132
0 1081 0
0 371 0
0 1212 0
1 304 2703
0 1031 0
0 332 0
1 891 1876
1 514 1963
0 1332 0
1 854 353
1 1266 1155
0 1289 0
1 715 3161
1 610 2496
1 1116 1135
1 343 2787
1 1082 242
1 1150 2841
1 488 580
0 757 0
1 565 1710
0 765 0
0 483 0
1 131 2019
1 1216 2219
1 335 2558
1 1065 151
1 302 1995
0 331 0
0 1252 0
0 1430 0
1 108 2597
1 1354 3152
1 598 1969
0 499 0
1 449 1242
0 886 0
1 94 414
1 245 725
0 727 0
1 130 3019
1 1296 117
0 381 0
0 956 0
1 699 615
0 518 0
0 1293 0
1 210 3257
1 1374 635
1 966 2976
1 323 305
0 291 0
1 833 1580
1 777 2756
1 55 2040
1 1158 3018
1 825 43
0 1050 0
1 92 3242
0 372 0
0 904 0
1 947 2697
0 375 0
1 137 1636
0 711 0
1 491 404
1 1052 1186
1 578 1216
0 672 0
0 1164 0
1 423 3102
0 411 0
1 1396 567
0 837 0
1 1216 1122
1 1414 142
0 396 0
0 561 0
0 1359 0
0 429 0
1 603 1058
0 924 0
1 39 1208
1 824 1301
0 967 0
0 426 0
1 106 2897
0 148 0
1 996 1941
1 238 3231
1 982 2041
1 230 2742
0 1398 0
1 1117 1585
1 185 965
1 904 1767
1 698 2147
0 672 0
1 1272 3151
1 239 648
0 682 0
1 434 3259
0 796 0
0 1226 0
1 570 2678
0 759 0
0 1049 0
0 443 0
0 9 0
1 1207 449
0 847 0
1 579 2924
1 1415 116
1 302 2059
1 951 1429
0 373 0
1 899 1684
1 151 1325
0 1032 0
1 1054 3120
1 662 2060
1 179 1486
1 351 2448
0 1405 0
1 1421 3258
0 101 0
1 723 1773
1 1105 236
1 292 3011
0 866 0
0 662 0
1 32 1098
1 229 2868
1 321 2663
0 1158 0
1 1063 79
0 192 0
0 722 0
1 122 624
1 716 1248
1 509 1589
1 1253 2593
1 259 2449
0 864 0
1 219 2329
1 953 120
0 1284 0
1 1067 3192
1 167 869
0 254 0
1 898 227
1 317 1090
1 960 2626
0 852 0
0 685 0
0 1232 0
1 1427 1884
1 1236 956
1 727 2832
0 344 0
0 1011 0
0 210 0
1 1318 3166
1 1215 292
0 959 0
0 375 0
1 881 2073
0 409 0
1 371 2640
0 791 0
1 720 359
1 1071 1467
1 287 697
1 900 629
1 1292 2802
0 23 0
0 946 0
1 311 3019
0 1107 0
1 679 518
1 1364 2849
0 1354 0
0 1033 0
1 1070 1508
0 1228 0
1 945 1121
1 1018 2529
1 934 67
1 1243 336
0 268 0
0 557 0
1 1294 2830
0 112 0
1 1288 2965
1 234 1295
1 1422 315
1 1148 1372
1 1426 178
0 171 0
0 881 0
1 1317 3291
0 1324 0
1 57 2681
1 1098 1345
1 70 237
1 994 2574
1 643 1783
0 438 0
1 1418 2766
0 1045 0
1 152 851
1 739 878
1 103 3055
0 1135 0
0 912 0
1 231 3222
1 1234 2613
1 202 1365
1 192 1889
0 439 0
1 215 3150
0 769 0
0 1212 0
0 620 0
1 247 45
0 426 0
1 1430 287
1 941 1787
0 406 0
0 308 0
0 914 0
1 804 2245
0 706 0
0 635 0
1 1231 1755
1 896 495
1 48 1808
1 838 841
1 493 3260
1 300 1442
0 769 0
1 1295 2107
1 1263 135
0 193 0
1 880 2171
1 934 2914
1 333 2158
0 1074 0
0 16 0
0 185 0
0 1183 0
0 501 0
1 1257 2292
1 830 1588
1 354 2220
0 1044 0
1 1031 310
0 81 0
1 1165 868
1 1427 2523
0 56 0
0 828 0
1 1229 1506
1 160 928
0 829 0
0 446 0
1 749 1895
1 1170 2944
0 1410 0
0 985 0
1 1400 2337
0 36 0
0 328 0
1 453 1433
1 1379 2967
1 352 1395
1 961 2980
0 862 0
0 1077 0
1 385 557
1 431 2976
1 297 2757
0 562 0
1 1222 3180
0 9 0
1 922 2376
1 648 198
1 989 425
1 1172 3294
1 117 620
1 810 1100
0 284 0
0 19 0
0 162 0
0 1297 0
0 842 0
0 1097 0
0 48 0
1 1280 3214
1 747 3117
1 1050 820
0 1371 0
0 145 0
0 267 0
0 297 0
1 52 3099
1 351 2801
1 1 2315
1 821 3085
0 1037 0
0 806 0
0 843 0
0 1115 0
1 438 287
0 1031 0
1 293 1830
1 743 1326
1 284 1470
1 855 1957
0 995 0
0 836 0
1 983 613
0 1238 0
0 22 0
0 906 0
0 751 0
0 564 0
0 382 0
1 969 811
0 227 0
0 1035 0
0 1109 0
1 685 1109
1 569 3032
1 865 1439
1 374 2481
1 193 1601
1 917 2884
0 712 0
1 91 3081
1 571 2782
0 717 0
1 808 2719
1 679 2043
0 814 0
1 937 2789
1 1063 890
1 830 22
1 941 677
1 354 1267
1 610 2252
1 1166 1062
0 1108 0
0 684 0
1 1341 1531
1 457 1670
0 54 0
1 440 39
1 609 1403
0 481 0
0 1318 0
0 1216 0
1 1364 2810
1 681 1709
1 1203 2318
1 724 287
0 630 0
1 701 557
1 390 2721
0 1048 0
0 201 0
1 1216 3123
1 451 1396
0 212 0
1 424 2904
1 998 743
1 441 3297
1 206 1546
0 1415 0
1 1019 1689
0 76 0
1 978 1827
1 1220 1505
0 756 0
0 990 0
1 157 2315
1 1299 3205
0 1127 0
1 449 313
1 349 712
0 915 0
1 718 2310
1 4 1878
1 614 255
0 566 0
1 1074 2311
1 687 756
1 571 961
1 148 3123
0 1262 0
0 1018 0
1 372 1175
1 646 1231
0 98 0
1 399 748
1 1395 1053
0 40 0
1 1169 2871
1 1203 3126
1 781 1104
0 153 0
1 681 3198
0 697 0
1 456 571
1 759 1269
1 745 2918
0 697 0
1 1332 741
1 943 1623
1 244 1295
0 631 0
0 462 0
1 869 763
0 399 0
1 1172 2092
1 745 1702
0 561 0
0 753 0
1 603 2094
1 914 780
1 1128 318
0 216 0
1 556 315
1 808 85
0 204 0
1 876 215
1 1 2648
0 24 0
1 886 936
0 1028 0
1 969 2636
1 1318 3057
1 240 3303
1 1085 514
1 250 1965
1 151 491
1 1328 1619
1 1056 410
0 937 0
0 912 0
0 1152 0
1 928 262
1 924 2517
1 943 2894
1 253 2341
1 232 2317
1 1056 274
0 637 0
0 1379 0
1 147 1956
0 1189 0
1 935 1185
0 192 0
1 383 838
0 1008 0
1 441 888
0 771 0
0 71 0
1 112 3274
0 157 0
1 1229 3125
1 180 3081
1 349 1526
1 1313 366
0 327 0
1 154 1219
0 1073 0
0 740 0
1 1323 3300
1 979 2792
0 344 0
1 1055 2906
0 160 0
1 327 853
1 425 2461
1 688 1342
1 827 38
1 1130 3057
1 1360 1786
0 829 0
0 1173 0
0 462 0
0 660 0
1 439 1631
0 569 0
1 1379 3115
0 868 0
1 467 1621
0 1287 0
0 1375 0
1 897 33
1 1313 1869
0 212 0
1 296 339
0 596 0
1 731 3135
0 1267 0
0 62 0
0 147 0
1 353 1572
1 1372 2067
1 1403 1312
0 1110 0
0 40 0
0 455 0
1 852 489
1 1179 1832
0 201 0
1 201 661
0 1077 0
1 1096 637
0 469 0
0 323 0
0 565 0
1 223 660
0 1376 0
1 380 1141
1 62 2547
0 1052 0
1 316 830
1 474 1474
0 475 0
1 424 1502
1 596 2777
1 820 2875
0 995 0
0 725 0
1 865 1719
1 1081 1263
1 859 3191
0 632 0
0 1205 0
0 420 0
0 933 0
1 921 2603
0 1167 0
1 647 180
0 744 0
1 14 532
1 1079 294
1 1275 917
1 1145 1309
1 126 1011
0 1201 0
0 682 0
0 1408 0
1 101 1192
1 1391 1133
1 751 312
1 344 1634
1 882 477
1 1106 503
1 273 766
1 1364 520
1 1042 2915
1 350 2488
1 457 624
1 320 297
0 276 0
0 48 0
1 1396 2209
0 615 0
0 1246 0
0 1422 0
0 306 0
0 1349 0
0 1073 0
0 387 0
1 1295 2616
1 346 2034
0 573 0
1 956 588
1 1264 342
0 56 0
0 375 0
0 967 0
0 1090 0
0 1241 0
1 1313 3044
0 1174 0
0 276 0
0 298 0
1 1160 1625
1 1000 2617
1 1318 380
1 566 949
0 362 0
1 1290 1723
1 412 1576
1 1115 1568
1 584 1421
1 1049 2800
1 1014 1669
0 1292 0
1 1096 1910
0 1250 0
0 1193 0
1 1222 456
1 1116 460
1 146 2143
0 227 0
0 942 0
1 1148 3258
1 1313 1611
1 1427 843
0 1073 0
0 801 0
0 136 0
1 297 2671
1 69 425
1 596 3138
1 610 3261
0 319 0
1 714 2782
0 1179 0
0 43 0
1 105 41
1 203 2185
1 1266 744
1 1419 1120
0 1376 0
1 1345 3149
1 1371 2184
1 1188 1949
0 615 0
1 252 3080
1 837 2152
1 798 1487
1 481 2329
0 257 0
0 846 0
0 1037 0
1 1099 3086
0 821 0
1 676 913
1 1131 1443
1 345 1397
0 483 0
1 1 983
0 578 0
1 431 623
1 994 491
0 247 0
0 462 0
1 1174 198
1 774 2476
1 518 3065
1 1322 286
0 831 0
0 171 0
0 477 0
1 457 1204
0 223 0
0 295 0
0 459 0
1 433 2232
1 257 3152
1 80 24
0 596 0
0 853 0
0 423 0
1 963 1770
1 801 1217
1 1274 1458
1 1355 3183
1 425 1193
0 966 0
1 270 421
1 856 3140
1 44 2670
1 1407 540
0 987 0
0 474 0
1 1050 1633
1 46 627
0 768 0
1 1209 2646
0 135 0
1 1340 2354
1 916 1111
1 1146 2925
1 286 870
0 28 0
1 1225 1600
1 606 1300
0 231 0
0 843 0
1 156 2982
1 1124 952
1 218 668
1 1019 708
1 1204 811
0 503 0
0 1102 0
0 904 0
1 640 2250
0 1333 0
0 715 0
1 346 70
1 971 1787
1 1243 1097
1 684 1868
0 1187 0
1 1160 2168
1 1311 2264
1 798 1254
1 1150 867
0 976 0
1 329 1136
1 468 1505
1 639 1122
1 1294 280
1 693 1889
0 1365 0
0 417 0
1 902 1435
0 21 0
1 791 2737
0 1206 0
1 1338 3219
0 832 0
0 493 0
1 615 1020
0 1084 0
0 636 0
0 598 0
0 239 0
1 587 2917
1 1221 1831
1 877 1289
1 518 2225
0 1096 0
0 823 0
0 819 0
1 579 1091
0 491 0
0 276 0
1 743 413
1 1279 1208
0 921 0
1 499 359
0 22 0
0 811 0
0 887 0
1 382 103
0 549 0
1 33 14
0 752 0
1 1090 2345
1 1193 2191
0 680 0
0 1170 0
1 715 1226
1 596 675
1 831 984
1 525 2406
1 775 741
1 215 1349
0 863 0
0 603 0
1 389 2046
0 904 0
1 103 1098
0 1293 0
0 1360 0
1 442 2737
1 936 53
1 638 1121
1 638 2036
1 903 2528
1 817 2991
1 1413 1776
0 983 0
1 1414 810
1 550 2210
0 1083 0
1 363 1200
1 970 113
1 91 2456
1 639 173
1 1243 1479
1 1137 1
0 484 0
1 781 1874
1 209 655
0 126 0
0 193 0
0 123 0
1 274 2361
0 1093 0
1 946 183
1 246 2755
0 418 0
1 317 2405
0 1103 0
0 576 0
1 688 3285
0 881 0
0 345 0
1 541 2885
1 90 2730
1 1429 2360
0 14 0
0 403 0
0 260 0
1 641 1069
1 457 158
0 930 0
0 609 0
1 751 2159
0 679 0
1 492 1111
1 583 2598
0 149 0
1 1314 212
0 277 0
1 1372 1675
1 662 1961
1 1147 2900
1 280 2872
1 152 2462
1 845 403
1 633 1583
1 341 2912
1 995 3227
1 217 2074
0 1351 0
1 1407 796
0 997 0
0 392 0
0 1324 0
1 200 797
0 668 0
1 712 757
1 1183 584
0 1033 0
1 921 1094
1 73 2459
1 722 1249
1 1310 321
1 125 2712
0 328 0
0 869 0
1 339 1536
0 659 0
0 1008 0
0 1273 0
0 1107 0
0 285 0
1 100 1903
1 194 1077
1 684 1699
1 331 1076
0 432 0
1 1018 2840
1 1098 170
1 602 700
1 256 1572
0 1003 0
1 785 65
1 493 764
0 298 0
0 263 0
1 353 3159
1 1101 46
0 382 0
0 566 0
1 59 502
1 1099 687
1 251 2039
1 647 2041
0 1238 0
1 873 1185
0 643 0
1 303 1871
1 85 3111
0 37 0
1 217 2369
0 309 0
1 364 1660
1 1047 2536
0 363 0
1 1170 1179
1 1231 138
0 1214 0
0 1212 0
0 75 0
1 1355 1758
0 1074 0
1 460 1717
1 67 1579
1 881 1866
0 195 0
0 693 0
1 917 2357
1 735 1730
0 86 0
1 1143 106
1 899 699
1 670 2516
0 598 0
0 436 0
1 90 605
0 703 0
1 596 71
0 481 0
0 540 0
1 326 2291
0 259 0
1 271 363
0 678 0
1 1235 243
0 1317 0
1 49 279
0 132 0
0 1225 0
0 1202 0
0 126 0
1 875 575
1 979 1051
0 1352 0
1 905 977
1 767 3172
1 423 1514
0 974 0
1 35 1908
0 1105 0
0 1408 0
0 361 0
1 316 528
0 30 0
1 1041 2521
0 839 0
1 225 3017
0 498 0
0 1178 0
0 701 0
1 983 1450
1 480 1890
1 95 439
0 219 0
1 872 2965
0 1092 0
0 620 0
1 1352 308
1 283 2578
1 500 3097
1 881 2788
0 1261 0
0 637 0
1 1320 459
1 267 1599
0 295 0
0 682 0
1 610 1715
1 380 3142
1 339 131
1 437 1558
1 1301 2333
1 524 1538
1 348 3154
1 1132 2264
1 901 881
1 832 891
0 776 0
0 605 0
0 452 0
0 514 0
0 754 0
0 138 0
0 1157 0
0 1130 0
1 223 2461
1 1371 2692
1 94 3115
1 194 2010
1 574 3233
1 1297 321
1 1345 686
1 1282 711
0 1318 0
0 360 0
0 712 0
0 215 0
1 755 2882
0 547 0
1 551 258
1 698 1986
0 1400 0
1 119 3278
0 51 0
1 43 2488
0 1137 0
1 1005 1675
1 780 1745
0 357 0
1 791 1793
0 521 0
1 1406 1387
1 1380 1171
1 1119 1435
1 735 942
0 660 0
1 1008 1768
1 519 3247
0 1272 0
0 483 0
0 1088 0
1 1402 1816
1 1324 2575
1 254 907
1 565 1539
1 973 1991
0 1002 0
1 1032 2741
0 1093 0
0 411 0
0 165 0
1 635 859
1 1143 1208
1 891 1505
1 1274 2164
0 359 0
1 865 2837
0 530 0
1 809 2360
0 1243 0
0 540 0
0 315 0
0 597 0
0 933 0
0 234 0
1 598 1975
0 1122 0
1 1046 2920
1 1205 2073
0 1022 0
0 1099 0
0 1069 0
1 307 747
0 296 0
0 117 0
1 785 417
0 570 0
1 548 2457
0 340 0
1 588 3097
1 1159 192
1 809 2890
1 205 300
1 526 3087
1 1287 439
1 1368 649
0 902 0
1 1349 611
0 314 0
1 205 1659
0 1168 0
1 551 318
1 964 527
1 185 2930
1 803 458
0 1148 0
1 792 1445
0 1341 0
1 1342 1808
1 1005 2129
1 509 3109
0 892 0
1 569 1164
0 773 0
1 1096 2811
1 1214 775
0 1379 0
0 1369 0
1 569 2101
0 93 0
1 1192 473
1 1096 3082
1 1270 730
1 711 1887
1 136 94
0 739 0
1 663 1951
1 54 994
1 1018 106
0 866 0
1 785 2763
1 1160 1210
0 747 0
1 278 174
0 281 0
0 583 0
1 582 2377
0 911 0
1 216 3083
0 921 0
1 1065 949
0 71 0
1 506 1263
1 1261 3150
0 597 0
1 1420 1655
0 1151 0
0 730 0
1 218 2224
1 302 3132
0 1122 0
1 894 340
0 39 0
1 1117 1967
0 239 0
0 1226 0
1 1244 97
1 212 3038
1 1249 761
1 1349 122
0 416 0
1 194 1728
1 1203 277
1 172 1738
1 1055 579
1 418 469
0 27 0
1 1094 854
0 1395 0
0 586 0
1 827 185
1 631 274
0 1005 0
1 1089 3125
0 113 0
0 1330 0
0 1322 0
1 1053 1116
1 330 1365
0 1337 0
0 441 0
0 362 0
1 576 2992
0 574 0
1 1383 170
0 188 0
1 921 1307
0 1011 0
0 823 0
1 1049 2005
0 323 0
1 616 786
0 410 0
1 1058 82
1 1110 2504
1 1026 1571
0 296 0
0 602 0
0 331 0
0 91 0
0 373 0
1 772 1918
1 861 796
1 661 2324
0 656 0
0 1301 0
1 1341 1860
0 101 0
1 1316 90
0 1325 0
1 167 1419
1 1095 414
1 793 2214
1 1418 1932
0 833 0
0 1356 0
0 992 0
0 1218 0
0 336 0
1 1055 2996
1 708 625
0 690 0
0 954 0
0 157 0
0 112 0
0 47 0
1 1170 3128
1 659 917
0 1366 0
1 215 181
1 1003 1168
0 1223 0
1 963 1269
0 161 0
1 1085 2947
0 320 0
0 170 0
1 1048 944
1 1102 820
0 1244 0
1 152 384
1 1063 2370
1 1388 2312
0 968 0
0 1102 0
1 363 207
1 865 1930
0 1205 0
0 715 0
0 129 0
0 702 0
1 371 124
0 935 0
0 115 0
1 265 135
1 744 2886
0 26 0
0 329 0
0 1374 0
1 1320 2684
1 329 2713
0 1053 0
0 747 0
1 641 37
0 597 0
0 25 0
1 840 137
1 832 3051
1 1087 996
1 898 269
1 666 3279
0 939 0
1 575 1939
1 1379 1276
0 431 0
0 1009 0
1 736 213
0 888 0
1 139 60
1 1097 1426
1 1218 3051
1 1291 1168
0 30 0
1 323 2707
1 494 2659
1 1372 1481
1 881 273
0 278 0
0 176 0
1 413 572
1 723 1487
0 449 0
1 1317 539
0 2 0
1 922 925
1 314 2322
1 1176 1718
1 353 56
1 803 1635
1 243 551
1 972 3212
0 1420 0
1 1377 2204
0 956 0
0 263 0
1 312 2917
1 961 144
1 531 277
1 243 1204
1 1191 376
1 399 369
1 766 2669
1 463 1523
0 103 0
0 1328 0
1 416 1876
1 693 2762
1 613 2263
1 532 1506
1 1055 971
0 870 0
1 1260 1265
0 912 0
0 737 0
1 719 331
1 1315 1843
0 1400 0
1 1304 181
0 1291 0
1 163 158
1 97 717
1 1345 2127
0 901 0
0 283 0
0 1126 0
0 725 0
1 967 225
0 954 0
0 1070 0
1 783 3272
1 944 1532
0 45 0
0 475 0
1 350 1106
1 133 2866
1 973 714
1 988 1058
1 213 143
0 24 0
1 434 284
1 1179 826
1 363 2266
0 596 0
0 849 0
0 642 0
1 511 2760
1 1015 2215
1 1030 602
1 995 1793
1 86 1597
0 1242 0
0 270 0
0 588 0
0 577 0
1 1255 1881
0 1403 0
0 1284 0
1 307 2930
0 148 0
1 1257 2199
1 657 1343
0 574 0
0 325 0
1 976 1696
0 678 0
1 55 1551
0 1040 0
1 1205 3116
0 803 0
1 2 2526
1 1014 3239
0 1381 0
0 1117 0
0 233 0
0 1095 0
0 971 0
1 281 3279
1 27 1320
0 1192 0
0 299 0
1 454 1457
0 596 0
1 167 2864
1 45 2937
0 288 0
0 796 0
1 612 3196
1 1109 1957
1 666 1084
1 781 1024
1 475 1133
0 949 0
0 1360 0
1 796 1140
1 1128 2598
1 210 419
1 1244 1405
1 1156 2719
0 810 0
0 452 0
1 264 254
1 1002 2410
0 261 0
0 447 0
1 514 630
1 285 1405
1 1229 1785
0 72 0
1 536 2511
0 1378 0
1 1273 2461
1 798 2590
1 524 1018
1 1002 2092
1 573 1751
1 675 239
0 1067 0
1 92 1246
1 1352 1145
0 1147 0
0 1338 0
0 563 0
1 531 84
0 206 0
0 481 0
1 238 1547
1 621 2652
1 710 2836
1 602 2946
1 515 1027
1 1157 1188
0 518 0
0 1188 0
0 680 0
1 346 2308
0 513 0
1 348 404
1 7 147
0 720 0
1 803 1421
0 722 0
0 1104 0
1 586 2657
1 692 1035
0 747 0
0 960 0
1 1420 1800
1 24 767
0 1347 0
1 534 2004
1 859 3143
0 100 0
0 1370 0
0 1393 0
0 873 0
0 922 0
1 1348 3247
0 935 0
0 1386 0
1 1183 1861
1 1178 1693
0 1184 0
1 1361 457
0 1285 0
1 194 881
1 1211 641
1 351 1248
1 614 163
1 329 1025
0 888 0
1 34 1592
1 125 970
0 453 0
0 509 0
1 1299 1194
0 238 0
0 421 0
1 713 82
1 631 226
1 1224 2025
0 251 0
0 164 0
0 715 0
0 776 0
0 66 0
1 273 455
1 1143 301
0 545 0
1 1241 2361
0 690 0
0 383 0
1 145 862
1 314 1525
0 511 0
1 460 3229
0 958 0
1 1079 359
0 1106 0
1 1316 1345
0 819 0
0 840 0
1 826 3024
0 953 0
0 1347 0
1 620 1097
0 595 0
1 1177 1734
1 790 1311
1 1298 652
1 34 1358
0 470 0
0 160 0
1 325 3012
0 1386 0
0 692 0
0 566 0
1 507 1189
1 1126 2603
1 1204 2099
0 574 0
1 1323 3024
0 208 0
1 965 217
0 692 0
1 1199 452
0 372 0
1 781 1400
0 183 0
1 443 1343
0 1292 0
1 818 744
1 515 3248
0 219 0
0 536 0
1 1256 2614
0 719 0
1 277 691
1 1214 2912
0 802 0
1 509 132
0 340 0
1 875 455
1 1391 2628
0 203 0
1 756 2050
1 271 1202
0 771 0
1 1395 1096
0 702 0
0 884 0
1 916 3041
1 838 1186
0 694 0
0 657 0
1 1398 1342
0 477 0
1 515 656
1 12 855
1 1415 2493
1 226 2506
1 1135 1326
0 1037 0
0 717 0
1 822 2007
1 1419 2577
1 1211 2994
0 496 0
1 303 693
0 592 0
0 574 0
1 1006 904
0 966 0
0 545 0
1 469 1109
1 878 412
1 315 2027
1 529 2912
1 142 2432
0 796 0
1 1286 2209
1 954 1277
0 18 0
1 741 414
1 1423 31
1 377 1692
0 304 0
1 840 687
1 1310 1335
1 613 1691
0 737 0
0 588 0
1 987 612
1 349 1829
1 350 280
1 477 381
0 216 0
0 57 0
1 894 2803
1 1368 2735
1 488 2593
0 1210 0
1 405 2647
0 350 0
1 1024 1553
1 125 400
0 672 0
0 623 0
0 1158 0
0 1204 0
1 904 1636
0 530 0
0 613 0
1 226 542
0 1016 0
0 291 0
0 80 0
0 922 0
1 443 2868
0 1323 0
1 304 2133
1 614 757
0 149 0
1 265 3075
1 334 1821
0 421 0
0 325 0
0 1122 0
1 1285 1731
1 829 2473
0 1429 0
0 1343 0
0 692 0
0 604 0
1 1031 2751
1 1355 1530
1 334 1446
1 259 3007
0 980 0
1 838 572
0 1292 0
1 156 1240
0 1263 0
0 506 0
0 1259 0
1 190 2565
0 339 0
1 1084 578
1 652 1493
0 527 0
1 850 867
1 1390 2400
0 281 0
0 889 0
0 605 0
1 616 144
1 143 46
1 180 1939
0 652 0
1 1119 1178
1 1137 1194
1 650 2721
0 562 0
0 71 0
0 998 0
0 721 0
1 20 87
1 383 2887
1 1345 490
1 326 3040
0 1167 0
1 1216 2085
1 701 2707
0 31 0
1 1117 1575
0 418 0
0 142 0
1 913 332
0 519 0
0 1087 0
1 984 1668
0 533 0
0 511 0
0 336 0
1 1028 1173
0 1050 0
1 810 2579
0 249 0
1 204 2242
1 1419 509
0 775 0
0 68 0
1 99 507
1 1136 1815
1 148 279
0 76 0
1 997 2240
0 778 0
1 659 509
0 269 0
1 556 298
0 801 0
0 822 0
1 952 1900
0 68 0
0 1000 0
1 1086 854
0 993 0
0 590 0
1 595 2681
1 1113 656
1 730 1167
1 361 2132
1 1300 1339
1 105 3083
1 1144 1301
1 572 2344
0 885 0
1 793 3216
1 617 1519
0 8 0
1 1301 2386
0 276 0
1 241 1069
0 686 0
1 763 2438
0 704 0
1 1264 2629
1 1160 2906
1 129 585
0 638 0
0 989 0
0 330 0
0 370 0
1 788 2861
1 740 2140
0 565 0
1 1199 1541
0 248 0
1 934 3112
0 1039 0
1 1384 3256
1 763 2988
1 1201 875
0 831 0
1 510 3182
1 107 1524
1 588 2189
1 37 2556
0 1230 0
1 130 1655
1 858 3136
1 501 419
1 1030 1671
0 867 0
0 365 0
1 1254 473
1 1180 1524
1 1206 3254
1 473 2146
1 1396 473
0 1067 0
1 1429 1665
0 325 0
0 103 0
1 25 3051
1 1172 1205
1 1149 497
1 280 1400
0 1227 0
1 570 1290
1 825 1615
0 864 0
1 429 544
0 893 0
1 73 1862
1 734 39
0 1276 0
1 1360 3041
0 1129 0
1 717 248
0 881 0
1 1205 1361
1 45 2623
1 245 1879
1 1368 2664
0 603 0
1 548 1551
0 1096 0
0 866 0
1 85 239
0 298 0
1 249 1547
1 1162 2229
1 284 492
0 1325 0
1 654 2398
1 569 3132
0 942 0
1 668 1388
1 814 2874
0 1263 0
1 758 1672
1 852 2882
1 706 1036
0 595 0
1 483 2300
0 311 0
0 891 0
0 1095 0
0 1117 0
1 1217 1177
0 451 0
0 743 0
0 1046 0
0 70 0
0 640 0
0 132 0
1 1374 417
0 389 0
0 307 0
1 1338 2031
0 930 0
1 1176 2043
0 1354 0
1 1192 3132
1 240 1541
0 1223 0
1 413 2552
0 1025 0
0 557 0
1 304 902
1 691 1301
1 61 3055
0 1126 0
1 337 459
1 1072 1511
1 255 2348
0 1353 0
0 1155 0
0 889 0
0 1429 0
0 1407 0
1 326 2407
1 245 505
0 138 0
0 352 0
0 864 0
1 383 1023
0 1118 0
1 629 3180
0 183 0
1 950 365
0 1000 0
0 1157 0
0 1405 0
0 341 0
0 1389 0
0 1376 0
1 118 119
1 1324 533
0 1208 0
0 22 0
1 1254 2928
0 1110 0
0 536 0
0 518 0
0 1123 0
1 791 1381
1 303 2736
1 127 3152
1 445 1992
1 235 1649
1 259 1140
1 181 2670
1 549 851
1 812 1847
1 1159 2903
1 1218 500
1 432 1692
0 1270 0
1 1156 1503
0 1406 0
1 679 932
1 261 2066
1 1179 1225
1 141 3187
0 810 0
1 1398 1560
0 1097 0
1 680 330
1 944 2797
1 1370 628
1 759 3174
0 1117 0
0 1088 0
0 1080 0
1 224 1914
0 138 0
1 1106 2760
0 134 0
1 3 2978
1 19 1564
1 782 2467
0 851 0
1 189 1558
1 1071 2114
1 536 836
1 1045 276
0 94 0
0 1144 0
1 171 318
1 18 2417
0 989 0
1 729 2881
0 308 0
1 409 1173
1 775 3137
1 734 1014
1 827 2738
0 1323 0
0 1295 0
1 563 2045
1 997 2540
1 68 3036
1 785 1208
1 968 2147
0 1431 0
0 744 0
1 1288 143
1 875 1805
0 1137 0
0 144 0
0 1220 0
0 802 0
1 112 566
1 2 2855
0 408 0
1 995 1240
0 651 0
1 1261 21
1 38 489
1 1085 440
0 665 0
0 89 0
1 800 475
1 715 1393
0 350 0
1 429 169
1 582 2895
1 1234 2139
1 31 114
1 1363 2876
0 232 0
1 81 2519
0 214 0
1 365 2783
1 1078 560
0 1232 0
1 1276 23
0 372 0
0 152 0
0 1158 0
0 865 0
1 1141 225
0 26 0
1 1320 2803
1 1008 429
0 879 0
1 7 3163
1 1417 2128
1 805 1348
0 1345 0
0 1136 0
0 984 0
1 820 2555
0 348 0
1 309 860
1 1093 523
1 262 144
0 1135 0
1 446 627
0 1172 0
0 1426 0
1 913 454
1 105 2531
1 1134 1562
1 700 1023
1 1181 2099
0 938 0
1 309 2944
0 1161 0
0 1090 0
0 949 0
1 750 2504
0 497 0
1 1194 2390
0 127 0
0 1056 0
0 941 0
0 369 0
1 1366 3100
0 717 0
1 1207 2903
1 1410 1328
1 689 692
0 731 0
1 1044 2583
0 600 0
0 1213 0
1 918 1074
1 436 2186
1 365 2557
1 704 3226
0 1391 0
1 611 2001
1 744 2990
1 247 2909
0 1040 0
1 1419 2468
0 267 0
1 374 1097
1 1324 3250
1 957 145
1 729 2690
1 1263 1589
0 270 0
1 1066 575
0 1054 0
1 450 2691
1 529 1390
0 435 0
0 123 0
1 184 2262
0 189 0
0 758 0
0 667 0
1 228 2877
0 247 0
0 1414 0
0 535 0
0 645 0
0 439 0
1 71 683
0 750 0
1 314 2955
1 751 1372
1 783 2339
0 1013 0
0 669 0
1 216 568
0 1029 0
0 887 0
1 1086 3232
0 1379 0
1 288 1123
0 901 0
1 1369 302
0 1324 0
1 48 1253
1 13 950
1 1128 377
1 794 244
1 20 1384
0 665 0
0 981 0
1 258 2835
1 512 3299
1 374 2369
0 1317 0
1 1356 1627
1 735 3137
0 1189 0
1 617 1882
0 1097 0
0 843 0
1 1081 1137
1 57 1356
1 1255 2869
0 1295 0
0 344 0
0 686 0
1 962 1963
1 467 1510
1 855 1143
0 112 0
1 1033 1991
0 105 0
0 624 0
0 804 0
1 850 3017
0 1316 0
0 1245 0
1 351 2158
1 947 620
1 369 2969
1 336 1386
0 193 0
1 928 2829
0 1144 0
0 1048 0
0 368 0
0 1429 0
1 271 1870
0 1410 0
0 999 0
1 210 1793
1 1185 2112
0 241 0
1 212 2822
1 1404 623
1 1059 665
0 513 0
1 1167 95
1 1218 1675
0 928 0
1 270 2518
1 452 140
1 441 2578
0 645 0
0 763 0
0 1399 0
1 277 2935
1 629 755
0 586 0
1 1200 3256
0 633 0
0 899 0
0 622 0
1 332 1806
0 502 0
0 472 0
0 452 0
1 48 3102
0 1193 0
1 251 1146
1 750 2361
0 842 0
1 324 2916
0 1363 0
0 552 0
0 703 0
1 1251 2851
1 348 3037
1 580 176
0 182 0
1 356 952
1 60 2364
0 219 0
0 1427 0
0 817 0
1 911 191
1 877 3093
1 817 93
1 182 2856
0 843 0
1 9 1592
1 1401 2779
1 983 1077
0 356 0
0 913 0
1 907 122
0 981 0
1 722 2610
0 909 0
1 453 504
1 1397 761
1 465 755
1 79 2217
1 29 2595
0 1217 0
1 1105 2935
1 952 1994
1 1171 302
0 754 0
0 235 0
1 41 267
0 780 0
1 987 2478
1 637 1180
1 1126 2111
1 116 3098
1 84 1024
1 543 2536
1 702 858
1 863 2065
0 99 0
1 28 669
1 777 1749
0 22 0
1 550 3077
0 1233 0
0 938 0
1 367 2762
1 51 1457
1 498 54
1 716 1509
1 897 1297
1 70 166
0 1155 0
0 799 0
1 121 1351
1 195 948
0 1123 0
1 354 1218
0 617 0
0 412 0
1 1120 1408
1 858 3277
1 210 547
1 748 1845
1 313 3231
0 821 0
1 1191 2293
0 994 0
1 217 3158
0 115 0
1 392 2400
1 984 2027
1 266 126
0 410 0
1 253 2366
1 1195 2931
0 1104 0
1 450 2345
1 934 908
1 1007 2228
0 1019 0
0 1124 0
1 1110 1047
1 1169 2254
0 979 0
0 1125 0
0 731 0
0 832 0
0 993 0
0 1426 0
0 1176 0
1 714 1618
1 1138 3204
1 456 654
1 659 279
1 938 2176
1 171 862
0 487 0
0 265 0
0 1 0
1 948 331
1 68 114
0 432 0
0 1390 0
1 342 105
0 889 0
0 311 0
0 261 0
1 1361 2206
1 237 830
1 231 1824
1 885 2921
0 1108 0
1 1286 2991
1 1257 2283
1 1169 658
0 864 0
1 555 1279
1 1196 1481
1 1045 1752
0 1145 0
1 1123 2211
1 1023 1097
1 374 1376
1 296 2076
1 83 3111
1 1098 50
0 1375 0
0 600 0
1 375 2366
0 757 0
0 1156 0
1 746 814
1 1165 1705
1 409 2966
0 248 0
1 763 1906
0 947 0
1 28 276
0 1013 0
0 736 0
0 721 0
0 1047 0
0 260 0
1 459 1643
0 409 0
1 894 602
0 548 0
1 1229 953
0 585 0
0 867 0
1 636 2511
0 381 0
1 418 1183
1 1282 2453
1 40 1045
1 1415 1234
1 482 1344
0 394 0
0 481 0
0 56 0
1 1095 2681
1 534 1586
1 1034 1306
0 905 0
1 871 1381
0 343 0
0 629 0
0 696 0
0 1305 0
0 1007 0
1 1225 3168
1 685 1640
1 204 2784
1 326 2769
0 494 0
1 1083 1455
1 360 1096
1 1263 1549
0 507 0
0 1031 0
0 849 0
0 1340 0
1 808 2719
1 1132 1762
0 1151 0
1 1296 2889
1 413 211
0 1368 0
0 1299 0
1 978 1179
1 526 439
0 677 0
1 298 3182
1 510 2135
1 7 759
1 510 3077
0 697 0
1 35 2797
1 464 1415
0 391 0
0 1061 0
0 573 0
1 1261 1490
0 305 0
1 214 2281
1 22 3211
0 52 0
0 225 0
0 1235 0
1 1129 3169
1 1170 880
1 707 1036
1 279 199
0 938 0
0 650 0
1 853 3162
0 324 0
1 267 1759
1 121 1043
0 661 0
1 111 1893
1 561 2546
1 437 2312
0 797 0
1 437 2652
0 313 0
0 1116 0
1 402 98
1 473 698
0 1208 0
1 963 739
1 332 37
1 1297 2835
0 1238 0
0 1208 0
0 140 0
1 1233 387
0 1338 0
0 301 0
0 1377 0
0 1170 0
1 362 1228
1 336 3174
1 1176 1579
1 520 761
1 807 1166
1 186 2527
1 512 1590
0 1225 0
1 460 846
1 1016 1221
1 486 1697
0 16 0
0 804 0
1 1325 269
1 28 2090
1 1427 490
1 400 2778
0 1045 0
0 1191 0
0 980 0
1 258 358
1 26 1845
0 1077 0
0 849 0
1 516 3132
0 969 0
0 829 0
1 726 3106
0 1385 0
0 776 0
0 335 0
0 301 0
1 1 1417
0 1022 0
0 963 0
1 140 2490
0 205 0
0 1406 0
1 497 2529
1 1152 2610
0 594 0
0 778 0
1 995 1273
0 649 0
0 879 0
0 495 0
0 1329 0
0 406 0
0 685 0
0 281 0
1 367 2898
0 397 0
1 984 2412
1 1335 2130
0 855 0
0 155 0
0 983 0
1 1392 2433
1 1244 202
0 557 0
0 1180 0
1 992 1729
0 1393 0
1 419 1790
1 695 1572
0 414 0
0 1341 0
1 3 448
1 1154 85
1 1305 2522
1 987 1760
0 575 0
0 1240 0
0 488 0
1 1063 1525
1 322 1035
1 1293 1220
0 1117 0
1 1051 380
1 1334 456
1 1185 2721
1 711 1136
1 697 588
1 529 2030
0 1161 0
0 146 0
0 33 0
0 392 0
0 1182 0
1 1028 2263
1 269 1485
0 386 0
0 1296 0
0 830 0
0 1038 0
1 727 486
0 757 0
0 616 0
1 727 2730
0 745 0
1 1199 1732
1 749 3230
1 800 2370
1 1427 620
0 226 0
0 819 0
1 846 3194
0 313 0
0 1415 0
1 524 855
1 346 387
1 1003 2645
0 607 0
1 292 158
1 1325 417
0 676 0
1 1277 927
0 884 0
0 505 0
1 607 213
1 964 2998
0 810 0
1 1024 1365
1 131 1230
1 732 1784
0 1113 0
0 1012 0
0 920 0
1 1246 2851
1 191 1349
1 201 2190
1 187 27
1 1166 697
1 87 257
1 1382 2599
0 511 0
1 735 2206
0 55 0
0 1350 0
1 219 1623
1 1417 1376
1 987 2036
1 1329 2932
1 1386 45
0 987 0
1 178 1752
0 479 0
1 964 1402
1 1076 2874
0 69 0
1 970 647
1 1221 202
1 478 1781
1 247 3296
0 419 0
1 631 2185
0 902 0
0 812 0
0 124 0
0 554 0
0 417 0
1 999 1515
1 320 530
0 844 0
1 1267 2888
1 865 6
0 1349 0
1 1239 395
0 1348 0
0 72 0
1 441 1043
0 720 0
1 1219 3197
1 523 1686
0 755 0
0 1222 0
0 1430 0
1 279 1019
1 64 2530
1 1052 556
1 647 817
0 422 0
1 1305 770
0 1155 0
0 1099 0
0 1359 0
0 1327 0
0 1366 0
1 585 2390
1 313 2956
0 430 0
1 109 275
0 188 0
1 1347 149
1 86 1617
0 641 0
1 308 208
1 1252 823
0 965 0
1 401 653
0 301 0
1 386 3141
1 294 2131
0 1183 0
1 571 2087
0 40 0
1 831 2195
1 86 1551
1 1215 3297
1 180 2605
0 384 0
1 642 62
0 879 0
0 979 0
1 643 904
0 1423 0
1 573 1694
0 193 0
1 1099 2249
0 1196 0
1 1271 2112
0 1396 0
0 872 0
1 1160 2925
1 700 253
1 150 1880
1 553 3208
1 831 1856
1 32 1690
1 363 1660
1 662 1086
0 558 0
1 211 3217
0 456 0
1 479 2342
0 854 0
0 1225 0
0 60 0
0 916 0
1 478 2163
0 1332 0
0 351 0
1 956 2222
1 605 1717
0 873 0
0 1326 0
1 484 2996
1 1311 709
0 1102 0
1 147 600
1 152 626
1 735 1600
1 695 1417
0 421 0
0 205 0
0 1111 0
1 8 3133
1 1022 3086
0 496 0
1 19 1553
1 831 1628
1 1383 1636
1 26 2365
0 1115 0
1 1305 1235
0 607 0
1 678 3289
1 993 1230
0 1292 0
1 1191 661
0 204 0
1 1072 2908
0 1066 0
1 1181 2743
0 1099 0
0 128 0
1 1281 5
0 1316 0
0 893 0
1 687 133
1 464 2046
1 812 694
1 676 990
1 183 2173
1 418 946
1 932 2930
1 219 1166
1 970 566
0 291 0
1 746 2715
1 1421 2009
0 1159 0
0 1162 0
1 443 1778
1 405 1722
0 372 0
1 1416 2230
1 13 1086
1 1378 643
0 505 0
0 488 0
1 979 3217
1 347 2532
1 958 2907
1 940 340
1 1207 2255
1 559 1555
0 746 0
1 813 315
0 625 0
1 1268 1081
1 1122 1505
0 353 0
1 56 1936
0 1150 0
1 1386 105
1 1352 2981
0 1230 0
1 586 1619
1 1074 1605
0 655 0
1 1257 1238
0 986 0
0 174 0
1 1315 1021
1 926 663
0 1259 0
1 543 1798
1 1209 694
1 717 1754
0 944 0
1 625 347
1 1054 3210
1 826 2596
0 815 0
1 1082 3295
1 1186 1267
1 1006 740
0 846 0
1 1024 1853
1 1135 520
0 109 0
1 453 2115
1 121 2625
1 675 1742
0 792 0
0 1070 0
1 838 1795
1 870 718
0 1337 0
1 164 19
1 778 56
0 761 0
0 1409 0
0 229 0
1 679 2702
0 1142 0
0 917 0
1 552 1393
0 1388 0
1 63 2021
1 164 372
1 622 2080
1 1335 118
1 1014 2677
1 901 2487
0 845 0
1 1002 246
0 936 0
1 541 2433
1 1296 282
1 254 2276
0 1088 0
1 417 87
0 432 0
1 746 2022
1 1059 542
0 1195 0
0 324 0
1 1301 1944
1 1154 2464
1 689 1457
0 932 0
0 54 0
0 52 0
0 112 0
1 1240 2436
1 234 2088
0 1395 0
0 1176 0
1 301 3173
0 1022 0
1 59 692
1 1356 727
1 122 709
0 1138 0
1 38 111
0 1402 0
1 27 425
0 1380 0
1 953 3009
0 452 0
1 938 96
0 339 0
0 668 0
1 1330 1933
0 1253 0
1 998 127
1 1139 883
1 164 274
1 1036 1945
0 18 0
0 815 0
1 1327 1928
1 365 89
1 772 3197
1 552 545
0 398 0
0 54 0
1 146 2445
0 767 0
1 493 3113
0 524 0
0 1074 0
0 1304 0
1 545 667
1 836 3299
1 342 3265
0 1429 0
0 1271 0
1 1143 840
0 202 0
1 611 1689
1 850 335
0 1182 0
0 807 0
0 243 0
0 504 0
0 1107 0
0 684 0
0 607 0
0 515 0
0 995 0
1 195 2190
1 26 565
1 719 2142
1 1122 2326
1 1400 1028
1 142 486
1 203 1181
1 939 186
0 41 0
1 113 2438
1 138 750
0 1007 0
0 285 0
0 212 0
0 943 0
0 492 0
1 1342 1475
1 1313 1394
0 548 0
1 828 1027
1 1390 2929
1 1023 2914
0 1024 0
0 945 0
0 171 0
0 1140 0
1 817 2039
1 25 2185
0 276 0
1 976 2254
1 138 3030
1 221 271
0 721 0
1 23 738
1 392 2088
0 466 0
0 1181 0
1 574 1601
1 1354 1318
0 1235 0
1 182 2085
1 111 2801
1 137 2159
0 24 0
0 558 0
0 814 0
0 602 0
1 1154 1284
1 403 2147
1 441 1860
1 536 605
0 819 0
0 134 0
1 305 782
1 1291 2869
1 1407 421
0 664 0
0 916 0
0 521 0
0 873 0
0 725 0
1 456 2983
0 868 0
1 818 284
0 421 0
0 26 0
1 1259 289
0 557 0
0 503 0
1 82 1284
1 853 2847
0 290 0
0 584 0
1 818 50
0 770 0
1 666 1015
0 1430 0
1 1312 2519
1 1015 138
0 283 0
1 29 1607
1 1358 2511
0 763 0
0 344 0
1 1065 2481
0 581 0
0 37 0
0 173 0
1 199 1888
1 447 2731
1 1385 765
1 658 569
0 1186 0
1 804 1702
1 212 1993
1 836 2893
1 647 2564
1 1007 1981
1 1314 2143
1 1099 1813
1 414 786
1 1130 1069
0 1387 0
1 85 3025
1 596 435
0 644 0
0 1342 0
1 785 288
1 1193 2933
0 849 0
1 1005 1739
0 822 0
1 1328 2154
1 443 1414
1 573 2925
0 153 0
0 1268 0
1 180 815
1 654 686
1 672 588
1 1231 2850
0 542 0
0 1173 0
1 666 2584
0 1298 0
0 553 0
0 717 0
1 168 592
1 936 2669
0 782 0
