1000
-18 -80
78 -74
-54 -27
-19 87
44 -91
-48 65
-60 -4
-40 -28
-25 -83
50 -49
96 67
-80 92
-62 3
89 -2
-76 3
-91 64
-65 -48
-17 63
-19 10
95 -87
20 -70
89 -92
58 11
-27 11
42 -59
40 -89
47 -28
-97 -95
21 -91
43 10
36 54
4 59
-2 -44
15 -78
-89 57
-63 90
-27 -1
36 97
0 -55
97 -11
-66 82
-37 -71
79 -28
-86 -41
-76 -66
15 76
29 48
68 38
-51 -38
53 -98
58 68
-98 -51
60 -92
-93 74
81 -22
5 18
-7 96
-93 9
-57 14
-75 23
-69 -47
-23 -21
-43 -19
47 51
-88 0
-44 -26
-91 -74
-22 40
-83 61
-72 -32
26 -98
-18 -40
-1 2
12 60
-70 68
80 28
-29 -71
43 -86
12 76
-33 -83
-85 14
-33 -46
-35 32
-5 67
-33 -36
23 36
14 57
-47 27
-46 28
-28 94
-81 -61
-86 -25
-52 83
12 -63
-20 -50
14 100
33 21
-79 -16
34 -89
-32 -28
-25 20
-16 -15
-44 -79
31 14
36 -27
47 -19
-5 56
-79 -64
-8 29
67 -20
-42 -72
-59 97
-66 19
20 -69
-55 -67
25 24
-65 37
-88 1
-64 -10
81 -67
37 -99
-53 -67
3 80
78 -90
5 -19
-35 -31
-14 -51
-11 -82
61 33
-72 -65
-55 -57
64 -45
2 69
-93 7
-79 -58
-21 -25
-18 26
-76 98
100 82
-7 -61
94 45
-4 23
38 -7
-77 -9
-79 40
63 71
13 39
44 38
41 65
89 -34
-9 -42
73 61
-37 -58
-56 -58
-63 -94
41 24
-87 46
58 75
1 18
-16 5
-81 -5
100 89
-55 65
-45 -75
87 99
54 46
60 53
-7 -75
67 -1
79 86
-93 -45
67 65
-57 -15
2 -57
33 11
-39 83
-27 -93
-100 22
-36 -80
30 27
-18 70
-78 73
99 76
49 -14
13 91
71 84
-69 71
-35 94
80 55
-11 27
-47 -8
-20 -34
-57 -7
-27 -99
51 -85
59 58
97 91
-68 -38
-81 87
-2 -91
61 -56
32 95
74 87
10 34
91 -14
-8 44
2 -20
16 -52
24 22
73 3
76 75
-18 -20
63 60
54 39
-32 -6
-46 -53
7 5
16 51
35 -27
-51 58
97 -27
-88 -33
-8 -92
34 37
87 28
4 9
80 66
100 0
32 14
-9 -35
-90 -84
-24 -38
10 -71
-56 67
-6 -85
86 -64
52 82
75 10
18 46
-85 65
99 -9
69 94
13 -75
-68 -50
-46 -41
-65 -9
41 -69
-85 -36
-50 -84
18 -94
94 -46
-84 60
-63 -86
25 -58
23 43
-59 -85
21 72
-14 58
78 -27
-26 70
-32 -89
28 9
-74 -73
-25 -18
94 0
-98 -55
-13 -44
-50 -41
14 16
2 13
-42 -87
-1 -37
-69 -95
-48 -42
-11 46
-46 16
-75 62
8 25
-75 54
0 20
-57 15
-18 -77
-60 -1
-57 53
97 -54
-9 59
1 -53
34 -12
74 22
4 -72
43 59
-46 81
93 -34
-93 31
-76 5
96 76
59 96
-54 -37
30 3
13 -34
-85 22
56 34
39 -90
-48 -57
92 -48
-30 86
-79 2
-76 -56
-61 -12
-12 -48
-42 59
-79 75
42 65
-96 -33
93 -66
14 -48
-70 52
11 -11
-73 -41
38 -85
31 -7
98 34
-64 -49
35 73
-15 -45
93 -68
87 42
-64 40
-81 90
68 -97
12 -20
-20 -45
24 -83
-48 34
37 -37
75 62
-61 30
100 -49
-4 93
-59 49
72 -69
-91 -69
89 -87
-64 58
14 60
45 -56
4 73
62 -43
-7 -67
93 5
-74 -50
25 55
-62 -68
58 83
-88 67
48 -21
-71 -1
32 -37
-57 -78
-48 -62
-40 74
-76 -99
44 -29
15 24
-72 -22
-60 93
-52 22
-91 -77
-10 -87
-49 -81
-66 -98
-20 -67
75 -70
-36 -30
12 -85
-44 46
-17 65
-63 78
-6 97
18 31
64 -41
38 -11
-23 -98
69 3
65 45
50 25
45 7
95 -100
-93 97
-21 -7
-95 -3
49 -87
0 -15
56 39
90 68
-28 25
38 73
23 -17
-83 -8
-71 62
37 7
37 -43
14 59
-42 24
69 88
-22 90
-58 83
-80 67
-53 -80
-88 60
-26 -9
95 99
60 59
-63 -51
-97 68
-43 44
-32 13
11 35
-65 2
94 61
-11 -68
19 62
-29 71
-41 96
1 -26
-19 42
41 -94
-24 97
67 28
40 27
39 11
18 -14
88 -16
-41 80
27 17
9 8
-55 -93
61 -100
-33 -10
-92 -66
86 64
32 -2
28 0
83 -30
76 34
-62 5
-39 63
33 -9
-7 66
70 -22
-44 1
-77 -44
96 59
-79 68
14 15
-19 51
97 -18
-2 -31
70 18
-36 -66
80 65
-34 58
-36 -85
-94 66
17 8
8 65
56 -17
-18 53
7 -2
42 -48
68 -44
17 -87
49 2
60 89
-100 -2
72 38
73 73
-42 6
-47 -9
-40 24
-56 -93
3 29
100 13
46 27
-2 62
82 24
40 -64
9 -13
94 -62
98 -31
-23 44
71 86
-26 -20
70 -97
52 79
-79 66
25 -12
-10 69
29 63
68 -81
18 -15
-73 -22
-24 -31
-66 29
46 -60
-81 65
-78 -2
58 82
68 -93
64 12
-29 44
100 9
-80 -82
16 -30
48 -70
88 83
34 -83
-78 -30
69 -88
61 86
71 -13
67 -38
-39 33
46 86
100 100
44 45
-97 42
67 14
51 -4
2 -47
67 -68
82 92
-24 32
-46 -80
2 -17
-5 -49
97 -49
9 88
74 -83
-86 -74
3 -76
-2 -72
72 -82
14 -5
10 53
33 41
-85 82
18 90
41 -29
-61 60
-8 -25
75 -18
-30 -1
29 2
-68 -39
-88 50
-77 82
50 36
16 61
27 8
7 6
-73 20
30 41
47 -69
67 -49
-42 89
-90 81
-73 7
4 -87
-68 -7
-2 1
-77 43
21 47
-51 25
55 97
53 86
-4 -71
32 10
-60 -66
85 -46
-21 -50
-43 -77
-84 -68
-42 70
33 72
59 94
-87 -15
-58 -75
-60 30
-61 42
-69 81
26 -54
24 -85
39 83
29 18
-53 28
14 65
2 55
-24 -37
-5 -59
-22 43
82 -71
-24 -28
-35 6
-35 -44
-46 47
58 -16
-11 -18
-3 54
-100 73
-26 -98
18 99
-59 89
-27 -65
-99 31
95 -79
-67 -84
-25 35
-73 -45
63 -21
-2 6
92 89
6 62
64 28
-93 -70
-65 -36
12 79
-45 -21
88 100
22 -5
-60 60
76 66
16 -100
-57 1
-24 -93
-81 -25
38 -45
51 -18
77 -1
9 21
-44 81
89 -83
-26 32
20 -11
51 7
-39 95
-89 94
-3 -14
41 -76
-36 -100
-51 -1
44 -90
46 74
14 37
-46 -26
-38 12
-79 64
-39 -47
-1 -62
77 73
-32 -30
25 4
-11 -50
-23 41
-41 -10
88 88
-40 -41
32 -28
96 -61
-92 83
-57 92
-20 69
99 96
22 26
55 20
-31 -90
7 96
38 86
19 -48
66 -49
66 97
-7 100
74 88
11 99
-97 -69
-10 -66
-69 -86
-40 63
19 -7
33 76
12 88
-18 -39
-90 73
53 -42
-14 -43
50 -66
-40 17
-1 -4
-26 -59
-43 -13
45 -19
-67 0
52 47
-53 -37
-6 -15
65 -43
69 23
79 75
-58 95
25 88
19 79
-16 -32
25 100
22 93
89 18
-86 -36
22 -43
-59 -83
-60 58
24 -99
12 -68
-69 85
-5 -9
17 58
64 -96
15 -75
-95 -52
51 44
94 82
45 4
-12 22
64 -36
58 -76
-66 65
100 -94
74 53
-57 83
99 5
50 -68
-8 -63
81 8
7 55
-71 -60
-10 49
-21 -9
-41 73
69 10
22 51
-73 91
-94 40
76 72
-63 63
-27 -63
35 -63
4 -51
83 13
-35 -17
-69 -26
49 -1
-13 24
59 -29
-61 89
-26 -77
99 94
2 83
46 45
2 91
40 -54
-62 58
-52 -1
5 17
-45 -44
61 4
-94 -91
-3 85
-51 97
-74 -35
-60 -34
9 35
-19 -26
17 -26
-36 -40
-49 87
43 48
30 66
-39 -75
-98 53
90 79
-29 85
-93 -57
12 -78
99 34
54 -25
-21 -97
-56 31
-50 -68
-89 -1
95 -31
-66 -20
70 -50
50 -28
-80 61
67 -67
80 -74
2 94
-37 44
52 60
61 76
8 71
47 -39
4 95
70 -34
-57 -4
-35 -33
11 51
-58 -55
8 -42
68 20
-96 66
93 13
-89 -24
-52 24
46 -38
55 1
91 97
11 -20
-36 -14
27 -8
-26 -43
11 -16
55 -22
21 100
-68 -76
11 -60
21 -29
14 -50
-41 52
26 55
-38 3
83 -89
65 -25
25 3
16 -38
-46 -37
-85 0
-44 -39
-76 68
87 -76
-27 -41
56 70
69 8
-10 -1
-71 -6
93 -30
-4 42
66 -33
7 -77
-41 -87
-18 52
17 93
-20 96
-94 -36
81 54
-41 -25
64 49
36 98
70 99
-95 -74
34 -78
97 -28
-27 -66
70 34
-26 80
37 28
-75 56
-74 39
-14 -85
-81 -79
96 -74
-18 -52
1 93
-20 -92
-24 38
-41 65
-54 85
38 58
-5 88
-25 -23
-86 98
18 -27
55 -81
-3 79
-57 -26
-3 -22
-99 94
92 19
65 -93
-2 40
-14 -32
-34 -42
-79 -91
17 76
15 42
-30 -82
-20 41
-88 4
-82 54
-8 -21
-19 90
32 64
88 59
-70 -81
54 76
72 -72
47 67
93 -5
27 -98
54 -69
37 75
-63 -4
-12 -70
33 62
-48 -58
17 1
38 65
49 -79
72 77
81 -60
5 40
-4 -37
87 0
-91 -31
-21 -17
-9 58
59 -74
-62 -47
-62 -41
9 -77
-79 -96
1 -64
84 -79
-87 -70
43 13
76 -63
3 63
35 -83
83 65
47 24
-60 96
-34 -64
38 -19
4 -29
56 -55
-57 -100
79 -15
-49 -3
-40 -34
-96 27
23 -40
-51 -69
89 2
5 99
-42 90
24 63
63 59
82 97
-59 -100
-78 19
3 -23
60 -55
-22 0
-54 84
58 67
24 82
-22 -34
-64 -2
-43 -34
-92 -98
-4 13
-19 -16
89 -99
43 94
93 0
-39 -32
78 -99
72 -22
34 48
-24 -82
-65 59
-8 48
21 -41
-42 -88
42 -90
-95 -97
-20 -17
-91 86
-38 -89
-28 84
8 -96
-97 -5
