10000
-18 -80
78 -74
-54 -27
-19 87
44 -91
-48 65
-60 -4
-40 -28
-25 -83
50 -49
96 67
-80 92
-62 3
89 -2
-76 3
-91 64
-65 -48
-17 63
-19 10
95 -87
20 -70
89 -92
58 11
-27 11
42 -59
40 -89
47 -28
-97 -95
21 -91
43 10
36 54
4 59
-2 -44
15 -78
-89 57
-63 90
-27 -1
36 97
0 -55
97 -11
-66 82
-37 -71
79 -28
-86 -41
-76 -66
15 76
29 48
68 38
-51 -38
53 -98
58 68
-98 -51
60 -92
-93 74
81 -22
5 18
-7 96
-93 9
-57 14
-75 23
-69 -47
-23 -21
-43 -19
47 51
-88 0
-44 -26
-91 -74
-22 40
-83 61
-72 -32
26 -98
-18 -40
-1 2
12 60
-70 68
80 28
-29 -71
43 -86
12 76
-33 -83
-85 14
-33 -46
-35 32
-5 67
-33 -36
23 36
14 57
-47 27
-46 28
-28 94
-81 -61
-86 -25
-52 83
12 -63
-20 -50
14 100
33 21
-79 -16
34 -89
-32 -28
-25 20
-16 -15
-44 -79
31 14
36 -27
47 -19
-5 56
-79 -64
-8 29
67 -20
-42 -72
-59 97
-66 19
20 -69
-55 -67
25 24
-65 37
-88 1
-64 -10
81 -67
37 -99
-53 -67
3 80
78 -90
5 -19
-35 -31
-14 -51
-11 -82
61 33
-72 -65
-55 -57
64 -45
2 69
-93 7
-79 -58
-21 -25
-18 26
-76 98
100 82
-7 -61
94 45
-4 23
38 -7
-77 -9
-79 40
63 71
13 39
44 38
41 65
89 -34
-9 -42
73 61
-37 -58
-56 -58
-63 -94
41 24
-87 46
58 75
1 18
-16 5
-81 -5
100 89
-55 65
-45 -75
87 99
54 46
60 53
-7 -75
67 -1
79 86
-93 -45
67 65
-57 -15
2 -57
33 11
-39 83
-27 -93
-100 22
-36 -80
30 27
-18 70
-78 73
99 76
49 -14
13 91
71 84
-69 71
-35 94
80 55
-11 27
-47 -8
-20 -34
-57 -7
-27 -99
51 -85
59 58
97 91
-68 -38
-81 87
-2 -91
61 -56
32 95
74 87
10 34
91 -14
-8 44
2 -20
16 -52
24 22
73 3
76 75
-18 -20
63 60
54 39
-32 -6
-46 -53
7 5
16 51
35 -27
-51 58
97 -27
-88 -33
-8 -92
34 37
87 28
4 9
80 66
100 0
32 14
-9 -35
-90 -84
-24 -38
10 -71
-56 67
-6 -85
86 -64
52 82
75 10
18 46
-85 65
99 -9
69 94
13 -75
-68 -50
-46 -41
-65 -9
41 -69
-85 -36
-50 -84
18 -94
94 -46
-84 60
-63 -86
25 -58
23 43
-59 -85
21 72
-14 58
78 -27
-26 70
-32 -89
28 9
-74 -73
-25 -18
94 0
-98 -55
-13 -44
-50 -41
14 16
2 13
-42 -87
-1 -37
-69 -95
-48 -42
-11 46
-46 16
-75 62
8 25
-75 54
0 20
-57 15
-18 -77
-60 -1
-57 53
97 -54
-9 59
1 -53
34 -12
74 22
4 -72
43 59
-46 81
93 -34
-93 31
-76 5
96 76
59 96
-54 -37
30 3
13 -34
-85 22
56 34
39 -90
-48 -57
92 -48
-30 86
-79 2
-76 -56
-61 -12
-12 -48
-42 59
-79 75
42 65
-96 -33
93 -66
14 -48
-70 52
11 -11
-73 -41
38 -85
31 -7
98 34
-64 -49
35 73
-15 -45
93 -68
87 42
-64 40
-81 90
68 -97
12 -20
-20 -45
24 -83
-48 34
37 -37
75 62
-61 30
100 -49
-4 93
-59 49
72 -69
-91 -69
89 -87
-64 58
14 60
45 -56
4 73
62 -43
-7 -67
93 5
-74 -50
25 55
-62 -68
58 83
-88 67
48 -21
-71 -1
32 -37
-57 -78
-48 -62
-40 74
-76 -99
44 -29
15 24
-72 -22
-60 93
-52 22
-91 -77
-10 -87
-49 -81
-66 -98
-20 -67
75 -70
-36 -30
12 -85
-44 46
-17 65
-63 78
-6 97
18 31
64 -41
38 -11
-23 -98
69 3
65 45
50 25
45 7
95 -100
-93 97
-21 -7
-95 -3
49 -87
0 -15
56 39
90 68
-28 25
38 73
23 -17
-83 -8
-71 62
37 7
37 -43
14 59
-42 24
69 88
-22 90
-58 83
-80 67
-53 -80
-88 60
-26 -9
95 99
60 59
-63 -51
-97 68
-43 44
-32 13
11 35
-65 2
94 61
-11 -68
19 62
-29 71
-41 96
1 -26
-19 42
41 -94
-24 97
67 28
40 27
39 11
18 -14
88 -16
-41 80
27 17
9 8
-55 -93
61 -100
-33 -10
-92 -66
86 64
32 -2
28 0
83 -30
76 34
-62 5
-39 63
33 -9
-7 66
70 -22
-44 1
-77 -44
96 59
-79 68
14 15
-19 51
97 -18
-2 -31
70 18
-36 -66
80 65
-34 58
-36 -85
-94 66
17 8
8 65
56 -17
-18 53
7 -2
42 -48
68 -44
17 -87
49 2
60 89
-100 -2
72 38
73 73
-42 6
-47 -9
-40 24
-56 -93
3 29
100 13
46 27
-2 62
82 24
40 -64
9 -13
94 -62
98 -31
-23 44
71 86
-26 -20
70 -97
52 79
-79 66
25 -12
-10 69
29 63
68 -81
18 -15
-73 -22
-24 -31
-66 29
46 -60
-81 65
-78 -2
58 82
68 -93
64 12
-29 44
100 9
-80 -82
16 -30
48 -70
88 83
34 -83
-78 -30
69 -88
61 86
71 -13
67 -38
-39 33
46 86
100 100
44 45
-97 42
67 14
51 -4
2 -47
67 -68
82 92
-24 32
-46 -80
2 -17
-5 -49
97 -49
9 88
74 -83
-86 -74
3 -76
-2 -72
72 -82
14 -5
10 53
33 41
-85 82
18 90
41 -29
-61 60
-8 -25
75 -18
-30 -1
29 2
-68 -39
-88 50
-77 82
50 36
16 61
27 8
7 6
-73 20
30 41
47 -69
67 -49
-42 89
-90 81
-73 7
4 -87
-68 -7
-2 1
-77 43
21 47
-51 25
55 97
53 86
-4 -71
32 10
-60 -66
85 -46
-21 -50
-43 -77
-84 -68
-42 70
33 72
59 94
-87 -15
-58 -75
-60 30
-61 42
-69 81
26 -54
24 -85
39 83
29 18
-53 28
14 65
2 55
-24 -37
-5 -59
-22 43
82 -71
-24 -28
-35 6
-35 -44
-46 47
58 -16
-11 -18
-3 54
-100 73
-26 -98
18 99
-59 89
-27 -65
-99 31
95 -79
-67 -84
-25 35
-73 -45
63 -21
-2 6
92 89
6 62
64 28
-93 -70
-65 -36
12 79
-45 -21
88 100
22 -5
-60 60
76 66
16 -100
-57 1
-24 -93
-81 -25
38 -45
51 -18
77 -1
9 21
-44 81
89 -83
-26 32
20 -11
51 7
-39 95
-89 94
-3 -14
41 -76
-36 -100
-51 -1
44 -90
46 74
14 37
-46 -26
-38 12
-79 64
-39 -47
-1 -62
77 73
-32 -30
25 4
-11 -50
-23 41
-41 -10
88 88
-40 -41
32 -28
96 -61
-92 83
-57 92
-20 69
99 96
22 26
55 20
-31 -90
7 96
38 86
19 -48
66 -49
66 97
-7 100
74 88
11 99
-97 -69
-10 -66
-69 -86
-40 63
19 -7
33 76
12 88
-18 -39
-90 73
53 -42
-14 -43
50 -66
-40 17
-1 -4
-26 -59
-43 -13
45 -19
-67 0
52 47
-53 -37
-6 -15
65 -43
69 23
79 75
-58 95
25 88
19 79
-16 -32
25 100
22 93
89 18
-86 -36
22 -43
-59 -83
-60 58
24 -99
12 -68
-69 85
-5 -9
17 58
64 -96
15 -75
-95 -52
51 44
94 82
45 4
-12 22
64 -36
58 -76
-66 65
100 -94
74 53
-57 83
99 5
50 -68
-8 -63
81 8
7 55
-71 -60
-10 49
-21 -9
-41 73
69 10
22 51
-73 91
-94 40
76 72
-63 63
-27 -63
35 -63
4 -51
83 13
-35 -17
-69 -26
49 -1
-13 24
59 -29
-61 89
-26 -77
99 94
2 83
46 45
2 91
40 -54
-62 58
-52 -1
5 17
-45 -44
61 4
-94 -91
-3 85
-51 97
-74 -35
-60 -34
9 35
-19 -26
17 -26
-36 -40
-49 87
43 48
30 66
-39 -75
-98 53
90 79
-29 85
-93 -57
12 -78
99 34
54 -25
-21 -97
-56 31
-50 -68
-89 -1
95 -31
-66 -20
70 -50
50 -28
-80 61
67 -67
80 -74
2 94
-37 44
52 60
61 76
8 71
47 -39
4 95
70 -34
-57 -4
-35 -33
11 51
-58 -55
8 -42
68 20
-96 66
93 13
-89 -24
-52 24
46 -38
55 1
91 97
11 -20
-36 -14
27 -8
-26 -43
11 -16
55 -22
21 100
-68 -76
11 -60
21 -29
14 -50
-41 52
26 55
-38 3
83 -89
65 -25
25 3
16 -38
-46 -37
-85 0
-44 -39
-76 68
87 -76
-27 -41
56 70
69 8
-10 -1
-71 -6
93 -30
-4 42
66 -33
7 -77
-41 -87
-18 52
17 93
-20 96
-94 -36
81 54
-41 -25
64 49
36 98
70 99
-95 -74
34 -78
97 -28
-27 -66
70 34
-26 80
37 28
-75 56
-74 39
-14 -85
-81 -79
96 -74
-18 -52
1 93
-20 -92
-24 38
-41 65
-54 85
38 58
-5 88
-25 -23
-86 98
18 -27
55 -81
-3 79
-57 -26
-3 -22
-99 94
92 19
65 -93
-2 40
-14 -32
-34 -42
-79 -91
17 76
15 42
-30 -82
-20 41
-88 4
-82 54
-8 -21
-19 90
32 64
88 59
-70 -81
54 76
72 -72
47 67
93 -5
27 -98
54 -69
37 75
-63 -4
-12 -70
33 62
-48 -58
17 1
38 65
49 -79
72 77
81 -60
5 40
-4 -37
87 0
-91 -31
-21 -17
-9 58
59 -74
-62 -47
-62 -41
9 -77
-79 -96
1 -64
84 -79
-87 -70
43 13
76 -63
3 63
35 -83
83 65
47 24
-60 96
-34 -64
38 -19
4 -29
56 -55
-57 -100
79 -15
-49 -3
-40 -34
-96 27
23 -40
-51 -69
89 2
5 99
-42 90
24 63
63 59
82 97
-59 -100
-78 19
3 -23
60 -55
-22 0
-54 84
58 67
24 82
-22 -34
-64 -2
-43 -34
-92 -98
-4 13
-19 -16
89 -99
43 94
93 0
-39 -32
78 -99
72 -22
34 48
-24 -82
-65 59
-8 48
21 -41
-42 -88
42 -90
-95 -97
-20 -17
-91 86
-38 -89
-28 84
8 -96
-97 -5
-29 41
-38 -39
48 -91
-61 51
-47 72
66 29
-23 47
95 -27
28 -73
-20 80
-36 35
56 -34
79 -44
-22 -46
55 -19
-73 -84
-81 -23
42 61
-8 64
-29 -81
-35 -90
-58 -77
-62 -81
-70 97
-94 -22
95 -48
88 18
94 25
85 -5
-27 -13
15 17
86 -65
52 -42
-93 26
-81 30
31 -99
63 94
49 -68
-61 -26
6 -71
68 -91
-41 -65
-78 93
12 99
6 -21
20 -43
-51 27
-10 59
-82 18
67 -39
60 -47
19 -20
17 -12
84 10
-9 -90
-16 39
31 80
-25 67
91 -66
-15 -16
-20 -32
76 -8
21 -55
-40 -2
92 -33
-57 5
-49 -8
-61 91
-9 -57
-54 -20
-78 -39
-78 79
-10 44
-70 -73
27 45
43 87
41 -60
81 -70
-53 66
-37 92
31 -50
-1 85
81 -59
26 -32
-85 -83
-67 -6
26 1
-55 25
-72 -4
52 37
32 54
-38 58
73 83
-87 -91
66 -27
85 -55
-18 9
40 -80
-85 51
-74 9
-4 83
76 -18
5 96
-35 65
10 -100
-57 13
39 74
-49 58
83 -40
-71 89
-33 -18
-77 62
-68 -88
-46 -48
-16 18
-80 25
7 79
-8 -48
15 -53
-33 -87
9 -12
94 -11
-6 -48
15 16
15 98
28 40
-11 -56
43 -61
11 73
-64 86
-12 77
79 -58
27 -22
-32 31
36 10
-99 -8
51 94
58 22
80 34
75 -90
14 30
10 -55
20 49
-24 -92
62 -34
-49 71
14 -60
41 -43
-76 -100
89 -46
-59 -44
-39 37
-73 -60
-58 -1
68 69
-6 -39
-68 -56
-63 -22
-75 -22
-71 5
98 -21
-5 12
91 72
-43 95
93 -62
-99 -58
-79 0
-11 -2
-56 19
-44 90
-41 -6
62 -10
-89 -35
38 19
-26 34
-59 -82
61 -79
6 -13
83 92
-47 -100
-73 -79
-45 81
84 83
8 -67
10 2
-87 -36
24 56
-62 -10
-34 17
5 59
65 76
77 -72
-58 1
-95 -59
62 -23
19 92
-34 -5
-28 -11
-45 -61
-61 2
57 -73
-57 46
11 -77
35 -99
-90 16
-91 -73
-88 -70
-37 -46
41 35
38 -6
45 23
-35 80
-99 -21
-34 83
-72 64
-70 47
35 31
-33 79
62 53
-61 44
-32 10
33 -34
-27 -92
52 0
-33 -15
45 -89
38 48
69 -23
-59 -22
-97 -12
28 -34
67 -27
-86 -32
-62 79
-6 -82
-25 -86
6 -35
71 97
85 76
24 -12
0 -72
-25 72
-74 84
-68 71
94 -85
85 -94
-1 17
-53 -81
34 30
98 79
-49 15
5 -60
24 93
24 -21
38 -78
-9 -69
-88 85
-66 -37
69 75
-17 -49
68 71
-75 -5
-80 -90
75 75
59 -4
-30 47
59 -98
24 -68
38 -59
-100 -69
15 -19
25 43
51 -83
13 -23
-68 93
56 -78
-95 72
-49 38
72 -30
-32 84
9 -39
-97 -61
47 -4
12 43
-57 26
-89 -33
-19 -75
-11 -22
-8 -66
48 19
57 -6
-50 -53
-18 76
96 -13
17 11
-31 -52
-71 -69
-28 58
-81 56
-33 -96
-42 -57
75 0
-51 -57
-99 59
-77 -25
-85 -20
40 11
14 -100
74 3
-67 -55
-92 14
-31 -87
-38 -81
-24 88
100 35
-8 -51
-38 7
-77 -59
48 37
95 -40
-93 52
30 -41
100 86
-65 -32
-52 20
-70 -24
91 -44
49 15
64 4
59 40
-53 12
-78 -27
-62 -65
64 37
-18 97
-41 44
-41 -70
-98 -95
33 42
44 28
-5 33
-83 -48
22 -44
-22 -84
-53 93
21 -26
-52 -82
82 -18
-4 45
31 -95
-25 -92
53 -100
61 -86
4 -62
9 62
91 31
53 70
-8 -64
18 64
-79 97
-78 -45
33 -5
-68 -72
-15 79
56 99
82 61
-72 68
-38 -29
-41 82
-56 -92
-43 -85
-100 -61
-59 0
58 49
-18 -6
-80 -75
10 -3
52 13
71 69
53 -76
49 -27
-85 80
62 14
-53 86
52 18
46 -87
-61 63
-89 79
90 -21
-32 96
-87 -83
52 21
71 -97
100 95
-91 15
77 78
-43 62
-4 70
-23 53
-51 -44
70 -73
-82 -74
47 34
-78 86
80 35
11 -2
-4 17
-31 -31
-30 78
-33 -48
-3 77
-49 9
74 -38
-4 -23
37 5
21 26
-20 58
21 50
80 17
16 -20
-90 47
11 44
-1 8
96 64
4 -37
96 1
-62 41
-12 92
18 -41
-88 64
43 -48
37 -58
69 -24
-17 31
-100 -79
95 -17
-98 -43
88 39
-15 33
30 -60
-36 93
64 45
-22 -53
19 -55
-13 -63
4 -57
-8 -93
57 -83
-90 6
63 83
41 56
84 -86
72 39
85 -20
-48 -83
-65 -97
-66 -18
-37 93
-21 90
-66 73
-91 18
-89 -49
-70 -97
-96 55
38 -50
26 -6
17 -84
-70 80
-31 -4
-6 -14
59 -82
-83 89
-15 -98
17 65
-69 57
-86 -86
-8 13
-31 82
-78 61
-38 16
89 -7
18 -6
96 -66
-16 -94
78 64
-72 -66
-15 60
-9 40
-96 -45
-77 -23
41 -28
83 -19
-47 33
72 84
-61 75
99 38
1 -40
-20 -91
97 87
50 -97
-99 -41
-9 19
25 18
44 24
-26 25
-22 9
-16 16
-58 43
-42 73
75 78
2 -74
78 -30
58 20
66 93
-41 -40
-85 -67
-54 -87
-19 47
68 55
-9 -75
37 -30
84 -41
15 32
-27 99
-63 -73
37 25
-45 50
42 -12
61 -90
-1 71
-30 59
74 59
14 -11
71 70
-18 44
-57 61
-13 -92
-70 36
14 77
13 4
-9 -84
-46 -50
54 -33
-3 -38
98 55
-38 -70
1 27
97 -62
-72 -69
-30 -33
-85 18
42 4
52 64
41 7
54 -16
-92 50
-81 70
12 45
24 28
-6 81
36 40
-30 81
16 -9
74 32
41 -1
-33 -43
-74 -90
-24 -69
36 58
-36 69
64 -55
11 -14
-81 77
51 -99
20 -67
-62 97
22 1
-82 -73
-70 -91
-51 -68
-69 -85
28 32
91 80
-55 -97
-19 80
-24 -76
-66 9
64 -67
-44 -97
7 70
-23 -9
28 65
35 47
-58 8
-25 -10
3 -63
-72 21
4 -48
-82 -91
93 95
32 -5
-64 -19
-71 -89
38 -82
-14 69
3 15
-20 10
-76 36
53 -23
0 12
1 16
37 -2
17 62
-21 36
33 -20
3 54
-35 -50
97 -65
-65 85
97 28
38 66
10 81
-33 73
-55 16
94 35
-18 -76
97 -2
31 -3
-49 36
73 -72
80 42
37 44
13 -55
71 -85
-60 -70
98 -92
28 89
-65 13
43 65
11 17
-33 -68
48 -83
-53 -45
-21 24
64 -31
88 -19
-11 50
46 79
-47 -54
-29 38
9 52
-62 12
-49 1
-18 -4
-95 -42
-67 -11
-23 80
-87 65
-26 71
43 18
61 63
3 -59
29 -61
-71 18
47 10
59 45
-2 32
-63 -32
55 5
98 -69
0 35
90 -81
77 -23
-89 61
-94 -100
10 67
-21 82
-99 1
17 80
-12 -83
-21 -12
-97 -51
-95 1
84 -89
-46 -69
-38 -44
86 -15
28 -30
-3 -100
95 -62
-51 -78
23 11
-68 48
2 35
22 79
12 58
-100 74
78 -89
51 -34
-67 -63
-54 -17
-64 -40
-71 -38
37 -89
-60 31
-40 -94
-50 -9
23 66
-43 -83
-91 -18
-28 -3
-22 67
95 78
48 -75
-22 -45
57 26
44 14
72 96
32 -95
-12 -12
7 74
94 -20
52 10
-67 71
96 100
-45 -9
-68 95
62 -68
38 -80
-16 -90
-61 -51
51 -67
-70 -1
-88 -90
24 -92
-3 -91
-95 22
71 23
-12 60
18 20
35 -84
15 -28
-98 42
84 29
-46 -65
69 21
-45 -41
1 -10
99 -21
-41 -96
-55 -21
24 11
-35 -30
61 -98
-67 -34
66 91
-60 14
-37 62
-95 -80
-14 -22
46 -88
-31 -68
-12 40
-51 -80
-30 -72
-74 -52
26 -21
-26 -96
-20 -26
50 -95
20 -50
-14 77
63 72
-30 -95
-76 -52
-53 -34
87 -45
-15 63
74 -22
84 4
84 -96
73 55
2 40
-65 -19
17 48
-17 -42
-80 -21
-20 -9
-9 42
-6 1
97 -25
-4 -78
-78 -35
-52 67
-32 63
-9 -72
73 -99
-48 -64
94 78
48 38
92 -58
-31 54
-43 -11
69 42
-100 -67
-18 -73
-94 -65
15 93
-26 -44
-5 100
96 6
67 -26
-23 -61
82 27
58 -6
-97 54
70 -98
-41 -7
8 68
-24 77
-38 -51
6 -97
-7 57
25 -61
-79 -94
-65 33
-33 66
-16 -95
86 88
-17 -68
95 44
30 78
-2 92
28 -70
46 -64
-90 -94
68 75
37 -100
-61 46
-65 -39
81 -80
38 -34
33 1
92 7
86 -67
25 -91
7 25
-94 -74
67 -91
91 57
-71 83
-95 81
1 -54
-41 -100
-29 -7
30 -42
-21 -36
66 10
72 -38
65 -89
19 -9
-62 69
-89 -26
-85 -69
-30 -3
20 -98
-36 59
8 -76
100 -2
31 -87
11 32
-48 93
-14 70
-39 44
-7 -7
-74 -25
58 -63
77 -19
18 -8
66 70
96 -4
42 83
-79 -3
22 4
-76 -50
1 94
76 -69
-29 -42
-24 100
-8 -34
-64 -60
-97 69
-72 -30
-34 42
-7 -3
-83 0
14 1
93 -10
91 -39
44 -17
-45 30
-93 61
-42 -11
-78 26
-67 76
-51 -59
61 -73
24 -49
-15 -29
-82 -67
26 -70
-38 -60
-23 32
-24 -71
-30 -60
-14 7
17 71
98 -98
76 -93
53 97
-63 40
-19 96
83 -75
93 -42
-66 11
-46 -85
-55 -82
20 22
86 29
-91 -63
68 -96
98 32
94 -95
-46 -91
95 5
-81 -10
-13 81
-24 -78
26 -43
-68 -14
-97 -58
-88 96
3 26
-91 -62
-100 51
-53 -77
-55 26
73 -1
-15 -4
-23 60
2 75
79 -27
15 -14
99 19
88 -22
-88 88
-86 41
-15 -13
4 85
-59 -17
-41 32
5 -84
92 -29
40 -23
10 26
46 -3
33 60
-51 61
98 -99
9 -51
89 3
-61 -86
65 -87
-21 76
-7 -50
-93 -73
-63 76
57 -24
94 64
55 -88
20 82
-29 26
-80 -23
21 37
-41 -67
-90 38
45 -94
-12 -60
71 4
29 -49
-36 -8
22 33
83 31
68 57
90 25
-69 -76
-26 90
22 98
35 -22
24 51
-17 22
86 25
-46 -63
-74 -65
16 0
-36 24
-32 72
64 86
-91 99
-97 92
-31 80
72 -3
-75 -24
-19 100
74 -49
-91 57
-92 74
-69 -16
-41 -16
87 35
51 -7
-29 -16
-80 -45
19 46
85 -54
-27 38
-10 86
57 -11
17 92
68 19
59 -36
-77 55
5 -72
-70 29
-7 -81
-51 23
-8 54
-80 19
59 89
-39 -65
39 9
2 50
-97 -26
97 70
-39 -93
-53 27
24 -8
-90 57
-80 -2
-83 -67
-86 -50
54 64
97 99
88 55
-83 -42
-78 100
-20 64
27 -99
-59 -43
-86 62
82 41
26 94
67 -65
7 -8
66 -55
19 64
84 -93
27 -89
43 -51
-99 41
60 -99
-17 -88
26 12
70 -63
43 67
-23 -11
93 67
-37 -79
60 70
53 -71
-81 52
96 41
70 -42
19 52
12 -14
88 82
-58 17
28 75
-67 -28
37 48
35 -71
62 12
1 23
92 -62
90 -75
58 -89
3 31
59 -2
-6 -43
95 43
65 0
-84 -58
-86 29
95 -94
24 -33
-65 -40
-40 38
16 -96
67 -24
53 -47
-49 95
15 23
-7 -87
-97 40
2 -93
4 36
-19 -94
-85 -78
-86 99
-52 -12
86 68
-38 94
-92 15
99 -52
-61 -98
56 3
94 22
-100 -9
-89 -25
42 91
-35 39
83 5
37 -91
80 -11
-52 61
18 71
-85 47
-32 -88
-52 48
1 -6
70 -12
11 -43
89 45
77 57
-97 1
-27 48
-85 36
-53 -97
-4 63
-29 58
-55 21
-47 -27
-73 -7
89 -55
-79 22
-8 -78
-12 64
-95 34
81 88
-5 83
-32 -92
-1 -2
12 -53
25 98
-94 -67
58 14
10 -92
7 57
-21 69
52 -75
87 62
42 52
-33 65
60 87
65 2
-74 -15
60 -30
-14 93
-98 97
65 -94
99 -54
-9 34
-80 75
-33 23
30 72
-6 -13
12 65
-41 -66
-60 11
47 -12
-85 -6
94 -15
58 -45
-65 -12
-12 -50
33 -100
-67 51
93 -38
50 -59
32 24
4 -38
-32 76
83 47
-52 -89
-32 -2
-79 96
25 9
-34 -46
-73 -14
33 87
-34 48
15 97
85 10
-59 -23
-51 81
-83 38
-65 -38
-59 27
73 28
-30 -16
53 11
-41 -50
23 28
57 59
-90 90
59 -15
-93 -60
-58 86
-69 -75
-20 -28
92 -40
22 -35
60 -10
-44 -16
60 6
30 68
95 83
6 -33
-72 74
-73 81
-40 56
-93 -59
51 41
-17 58
-37 -42
-32 100
46 15
33 -69
-44 -9
38 10
-29 -8
99 27
-35 51
-55 -69
99 11
-61 -66
-97 19
-4 -11
-12 63
-62 -39
-23 -93
25 -20
-88 -29
-73 -83
57 -65
76 8
40 -46
-92 -94
8 97
-58 -6
81 50
58 -27
38 -81
-36 73
32 82
79 -33
-21 15
2 31
-29 -85
-32 35
59 26
16 81
-39 43
-90 100
-70 -64
11 -52
-51 46
-20 -12
13 -6
-10 -88
71 59
-44 -40
93 3
39 85
82 25
49 -50
52 85
-92 -84
28 70
83 -24
89 69
-72 -54
14 -98
96 30
65 81
91 60
-42 68
-81 -68
4 -84
-70 -2
59 -87
-33 25
-58 79
-53 100
-70 -78
17 -13
68 -50
-87 22
3 -12
-75 -69
80 -33
-61 -52
62 -81
32 -90
10 -11
-5 25
-46 31
-65 -76
-56 49
33 -68
29 45
1 -65
35 -45
41 41
67 -95
-43 59
-10 32
82 -76
-1 -20
-40 -4
-11 -65
66 17
-42 -62
-60 -52
0 38
0 41
22 -54
70 16
-90 19
-73 -31
90 61
-9 -79
43 -10
-5 -1
-90 64
-15 3
-71 63
-96 -40
87 -56
-24 -20
84 99
-68 -54
-29 94
11 -42
-36 61
-28 66
-99 -1
-7 -26
-67 -30
95 76
-87 -46
-8 -55
-87 -11
67 -94
64 5
-26 20
-100 69
22 7
-59 60
-19 -31
-29 -90
-39 30
56 53
-17 -63
-96 94
-59 -72
11 -19
62 9
0 64
-67 82
-83 -56
2 -77
-40 -3
-47 -18
-34 98
-36 -72
80 18
38 -93
13 33
2 -23
89 -94
94 99
-10 -17
10 -23
22 72
-80 43
-15 66
19 90
27 -41
91 18
59 -97
-94 61
-99 23
39 -56
-59 37
-29 33
14 -86
61 -96
68 80
27 88
-92 -31
37 26
83 -8
0 55
-18 -34
-70 92
-78 8
-73 24
83 -93
-7 -42
40 68
33 -93
76 -91
-84 39
2 -42
-92 -5
-33 -64
64 96
-79 60
51 -53
49 -34
16 -24
91 -96
69 59
46 -11
97 10
77 17
-73 89
29 -53
96 61
-92 -60
-73 76
-6 76
36 -5
44 4
87 74
-31 -47
81 39
-31 -57
-97 80
36 -29
41 14
-5 64
50 -54
57 62
52 -47
70 72
-38 83
-70 -29
99 -12
98 -6
-35 -75
-35 69
-6 33
-38 -66
-78 20
-97 52
18 55
64 -9
94 -1
-46 49
84 -33
-48 55
-46 -18
-76 -8
-70 -87
4 23
100 38
-28 92
6 -96
23 -63
72 -51
-2 80
54 -75
-9 5
-54 3
74 15
-53 46
-14 3
33 -80
68 59
7 -5
-46 -73
17 -42
28 -3
-35 -91
37 6
91 52
32 -30
-5 63
-42 58
0 62
87 54
-47 -80
-29 75
8 -16
100 -97
57 17
-29 -76
67 -97
77 -75
-65 69
-43 41
37 11
-46 17
-10 -99
44 18
-11 33
-56 -68
36 55
74 78
63 30
-28 9
61 -69
95 -65
0 83
-28 19
96 -69
-53 -1
90 -46
1 -98
-66 -84
-97 -22
-59 78
19 15
-37 -19
-80 -6
80 75
-9 28
-98 17
19 14
-17 36
-70 -96
20 93
-82 41
-3 -28
12 -46
97 51
1 -58
17 -72
-69 -21
-57 -66
0 -61
-47 -34
-53 0
-15 -65
-57 -82
-6 -12
-69 22
-22 26
-55 -58
17 39
-40 47
-52 -72
-79 -12
53 -40
-45 -14
-25 -66
-96 78
35 -29
-58 -95
80 -76
-11 -17
8 -5
-19 -14
80 62
18 21
25 61
58 -26
84 -17
-94 82
91 15
-86 82
-29 32
20 -77
45 22
4 -45
-26 16
4 -34
-40 -48
58 32
-64 -34
-84 -64
83 -87
-11 80
-2 60
-28 3
0 -52
-79 -90
53 -50
-74 34
-57 32
14 36
37 -24
-87 44
24 40
-52 39
34 -65
9 98
98 -50
-76 21
-48 -80
-37 -76
-8 -53
68 3
-64 5
-59 -77
-37 95
22 71
-9 -50
-10 -18
-8 82
47 50
-8 -97
61 -39
73 -14
-33 -8
53 -4
-48 -33
-90 27
93 25
23 41
-22 -98
-59 -19
46 -94
29 65
87 -62
-55 19
44 100
-80 39
-78 47
43 -5
65 84
-16 -82
16 43
76 -72
64 97
-54 -75
-84 94
-10 18
86 -37
-53 16
-71 90
55 79
14 -10
70 -23
-39 16
56 -47
16 -22
-58 36
-95 -54
97 -26
14 -30
-36 40
-42 2
-3 36
-32 -18
42 36
-34 60
-31 95
-24 10
40 72
-7 82
-91 0
-74 -1
73 68
94 1
82 -36
96 -57
10 22
-75 74
61 -44
-26 61
64 34
86 -35
39 -16
-88 37
96 -98
45 -45
-73 44
19 -66
-25 -84
-34 -12
-59 -29
67 51
44 81
-79 -32
51 33
-36 -97
-50 -27
68 33
-31 -96
-8 -89
28 88
-63 95
52 94
-27 -17
30 -15
-19 -73
77 94
-85 -96
45 -9
-3 2
-55 22
-81 75
-53 48
-98 -63
-10 21
-84 -19
20 -18
-87 79
16 98
14 14
-31 -13
-90 85
76 -10
-18 47
-56 -30
-74 -16
-2 -50
24 55
11 -85
-87 55
70 -61
-93 23
-87 53
-40 22
-28 11
36 66
-71 -20
-72 52
18 -35
-75 45
96 18
-47 39
-89 21
77 -78
26 81
66 51
95 72
43 -93
10 51
-88 -20
-98 -94
16 -11
-32 -55
70 47
-71 13
-79 -31
-73 70
54 44
82 -94
-11 -34
54 -40
-23 86
89 -81
-36 -22
32 -45
87 -32
10 85
46 -73
-45 -100
4 27
-89 -17
63 -73
-87 30
47 61
-34 88
91 -28
100 62
13 -86
63 74
83 -34
74 -7
73 -13
-58 82
40 -36
-59 44
-19 68
25 -97
31 -10
-29 100
-2 -87
-30 -47
-84 -49
-64 -45
2 -89
75 -80
99 43
32 37
61 12
-9 -81
40 -45
-42 -27
-89 -18
-86 -81
-30 -96
-5 71
30 52
-14 -62
-76 -15
-67 63
-22 -23
44 46
-22 -90
66 -70
74 63
61 -72
-88 -42
-38 -6
-65 -64
-59 -73
-33 52
61 -76
-41 42
-36 -18
10 -77
51 -62
-47 -12
-94 -59
-76 33
51 -64
57 -70
-78 -11
-82 68
-42 72
-34 100
98 -35
-15 16
-78 17
-3 78
-6 -63
89 -13
-46 -25
-94 80
41 21
23 -97
-68 -16
-91 -81
18 72
-81 -9
-39 -71
99 -60
-6 -11
30 -87
9 -29
-99 2
82 13
-97 38
30 -21
2 -86
-65 -37
22 -60
28 5
-20 29
14 -20
-33 -12
95 -99
91 -83
0 8
-44 68
38 -46
-3 70
-25 -12
56 42
3 22
53 -75
-59 66
49 -80
-59 -15
52 -49
100 -95
-42 -2
-94 -7
-12 79
83 23
48 26
-2 98
-19 40
71 -79
-59 -95
98 27
86 -21
45 -5
75 81
64 91
-33 93
53 -31
54 -36
90 46
68 -48
61 52
33 -91
-45 33
85 -60
-51 -9
86 81
-4 -54
-84 2
37 96
-38 -18
-50 -76
-97 93
99 -58
33 96
69 -69
30 -68
31 -60
-50 7
-36 -10
-83 71
33 -72
-53 32
-74 69
30 -95
62 -37
61 46
-46 56
-6 56
-92 44
56 -52
25 -3
-6 18
45 -78
-89 -59
41 88
-77 73
-19 -63
-1 -79
99 89
-54 -40
-38 54
-31 -43
-7 -23
54 -2
-89 -93
22 -49
-56 50
-7 -53
-75 13
-32 -25
-58 89
-86 94
26 14
-66 85
19 40
-28 83
47 21
80 49
80 -3
98 -86
79 82
93 -74
-96 0
32 72
40 26
25 -89
-79 -20
-93 5
75 -93
-3 52
23 57
-22 -62
57 53
18 94
20 -88
11 58
41 8
-55 -29
-68 -46
73 56
34 58
-1 78
13 -53
-1 -90
-10 79
-73 8
-72 29
52 -76
-75 -7
46 48
-73 -96
73 -47
46 54
38 -35
-70 -65
-26 -36
4 75
-58 21
-70 43
-14 -81
-7 30
-21 41
-62 28
-57 94
-22 -60
28 57
87 86
98 19
79 -69
93 -75
43 -29
-58 33
-69 -7
10 58
48 87
-28 89
41 6
23 15
-33 84
-65 15
68 -79
25 -84
33 -79
-28 32
-24 52
-31 49
3 73
-100 -10
32 -22
39 78
17 -28
38 60
84 -9
99 -33
-7 73
-100 45
-92 27
85 -56
70 89
-11 -75
36 22
-33 -88
-18 -92
99 -85
-31 39
62 -54
-62 -36
94 10
30 32
-71 8
32 -15
73 -49
42 -91
-1 -91
-72 -93
-37 6
-48 61
-75 -91
-80 -65
-38 32
12 -94
56 28
-84 12
-14 61
74 11
3 -92
-78 68
-31 12
-76 82
19 -85
-57 -45
-7 92
-6 -1
-40 -85
41 43
48 93
15 -73
-87 67
-45 85
-29 -55
-61 65
16 74
-76 -12
-8 9
39 -68
-51 80
-68 -75
61 70
80 -57
-63 -68
-76 87
-87 10
26 -33
56 -11
97 -35
-29 13
61 13
3 67
89 -79
-16 -81
99 77
10 -28
-45 -69
88 95
-81 -42
-96 -11
-79 99
53 15
-86 71
96 -92
4 -67
-71 -17
49 -63
3 -28
96 28
-23 -41
26 66
100 58
-58 -79
8 64
93 -36
-52 55
18 -79
-93 -68
12 82
-51 33
93 -59
-30 -74
4 48
70 -7
69 -89
-56 -57
-100 18
87 -43
16 2
-85 -71
-66 -10
23 89
-36 84
100 -76
81 62
81 -42
-53 38
85 75
-79 -47
-34 4
-51 24
-57 25
-59 26
-35 13
-63 -7
-39 69
-10 -37
18 -40
53 -1
-78 -81
-19 -4
-5 77
78 -55
-62 78
57 82
29 22
96 29
-39 -40
-48 -41
-59 71
-49 -73
44 -63
-50 33
-40 -63
81 38
80 -41
-7 23
-21 44
17 77
25 -65
-3 55
6 65
49 22
-69 23
-71 40
74 83
88 0
-33 61
-59 -96
90 71
19 19
-20 60
-34 32
14 5
6 74
62 31
-32 5
5 81
32 -88
73 54
60 84
-2 95
94 2
-66 -4
1 -4
-14 -2
63 -33
46 14
-23 39
-44 -76
-8 30
44 98
-59 -97
-65 -55
-46 -2
11 55
32 -23
-4 -50
-50 82
69 -54
-52 -19
-81 24
81 78
89 49
-63 -98
-14 8
12 81
36 -8
30 -82
2 -91
-50 -10
-59 70
13 74
94 -76
49 -93
64 -38
79 19
-29 99
70 12
64 -35
19 -23
-49 -55
27 -93
-97 59
98 59
-31 -75
21 28
49 -81
-4 -19
-25 -16
31 -51
-69 -32
-13 72
-46 54
29 -47
-62 -31
-10 -96
-11 -24
-100 89
39 -38
59 11
9 60
-82 -45
49 12
-72 -6
18 89
-65 23
60 -49
38 -70
93 71
-39 90
-52 19
-60 -45
-59 30
-56 44
79 79
36 94
39 -36
88 71
-5 -91
40 -97
-82 95
36 79
73 -67
-72 62
60 -13
37 -7
-62 -56
23 -85
46 49
99 8
-19 -37
-5 84
79 35
-3 37
-97 -32
28 -14
-54 27
63 61
-59 43
39 26
-31 40
78 -98
-13 3
-43 93
92 -60
49 -3
61 96
-25 46
4 -96
79 -48
78 54
2 82
-95 -18
8 -46
61 95
-44 -59
-81 -81
41 47
77 -42
19 -56
12 -34
-79 62
-22 35
-28 -78
-17 17
-93 -34
-54 -30
88 36
9 30
-88 -72
-6 -9
-43 -98
44 -27
37 47
73 67
19 41
13 96
2 -76
-83 -44
63 -46
32 -77
-89 83
46 -82
16 -15
47 -30
30 100
48 35
94 -80
-99 17
-24 31
-97 -79
-88 22
-82 -55
-75 12
-35 -7
-64 -86
-65 82
-13 74
-19 50
-84 71
-100 11
-94 -90
40 13
-31 68
-48 1
67 70
-86 -11
92 35
3 97
38 90
-53 -73
89 27
80 91
91 -1
-7 31
78 38
53 -74
-94 62
-84 41
-55 90
-14 -84
53 2
18 56
-28 91
17 -91
34 42
-88 83
-86 -8
-100 26
36 38
-57 72
75 -55
-11 -51
-6 13
-77 -92
82 -72
-20 -43
-83 68
90 -72
43 37
94 -45
-88 -99
66 -51
25 -16
100 33
-76 61
37 77
-61 7
-82 74
-64 -24
41 -66
-77 75
-87 54
82 80
67 4
56 71
81 70
-86 27
92 1
-8 -77
-46 -82
-59 -35
-14 6
-1 65
10 61
50 30
21 97
-2 -51
15 -17
-35 87
-43 -6
13 -90
61 48
-90 99
-45 -88
13 -50
-99 -61
-11 55
-88 36
91 71
46 37
14 -78
50 -14
40 -20
87 -51
53 94
91 -32
-28 -21
-77 5
-25 61
-90 -39
-26 -8
-39 58
67 77
13 98
71 -74
58 -66
13 85
60 -39
69 56
-6 -42
-57 -69
21 -77
-96 -89
35 95
-8 -39
79 -32
-55 15
89 -64
52 69
-64 -81
12 -45
39 36
59 19
-76 -6
-22 18
-64 32
-54 47
78 -73
-35 -96
-96 -81
18 -3
52 -84
72 70
-1 39
-93 -5
5 -59
40 43
68 -18
27 61
27 -6
33 14
77 -33
29 41
-67 -93
-48 81
24 61
-68 -59
56 44
-19 -35
-14 65
37 10
-95 -57
5 -16
-33 -70
47 -7
48 84
76 -60
-20 48
2 84
-76 -83
42 -14
65 -3
39 -92
-71 55
0 43
53 66
51 -28
-68 88
-88 2
-42 45
-4 55
-95 -83
41 -16
76 -2
8 -4
-1 100
1 -45
18 47
40 -3
6 -82
-42 82
88 61
30 77
-20 34
-71 92
72 -86
-48 -89
77 62
-81 53
89 -57
-55 -50
39 30
-40 53
1 -36
-5 -94
64 -5
86 1
51 8
67 52
-36 64
-26 -42
23 -43
38 76
2 51
-21 8
-11 -88
77 55
92 51
32 -19
-12 -14
-7 -62
99 -79
42 -69
10 73
8 -97
87 -33
7 71
92 37
2 58
-38 89
-97 94
27 18
13 -88
58 -23
90 78
-11 -33
30 -29
-92 -9
-76 -28
50 77
32 -16
-47 75
43 -67
26 92
-5 -20
1 82
0 46
-80 7
-25 39
26 43
-15 -84
-58 -51
-8 39
54 43
68 12
-80 -51
27 51
91 81
63 64
29 -81
42 18
-58 -11
-68 5
62 -39
-4 82
84 -19
-2 -38
80 -43
-76 29
92 -51
35 -24
-66 -7
4 43
62 17
30 -1
-83 -92
28 45
5 26
-3 -8
-86 -96
88 -20
20 -92
-4 -31
13 88
98 85
95 29
-54 -92
-40 -87
-54 -59
43 81
98 78
-97 58
19 -60
6 19
52 -9
-43 -55
-64 -15
-22 -31
-98 89
-92 -34
43 90
60 -22
-72 93
6 17
-13 69
93 -12
-7 -76
-90 -36
96 -29
-70 -18
53 -20
-50 -73
7 63
90 21
53 -43
-53 -24
61 7
-23 -49
-92 -45
-77 -27
-37 -57
-64 39
52 -2
-75 -8
28 15
-58 22
15 9
85 -24
-20 79
0 56
59 -19
34 -27
78 -37
91 -3
49 -48
43 -70
-98 -80
73 43
-79 73
9 -95
-38 -30
39 -29
-86 51
90 72
-17 70
41 46
-3 71
51 -44
-31 25
40 85
17 -36
-91 -61
60 -11
-98 -28
83 -78
74 84
14 31
30 58
-39 -46
-45 -96
-43 -63
12 72
-5 -23
-2 33
14 -85
68 66
37 -5
23 1
-57 55
88 77
-96 -67
-92 -68
45 -18
93 80
-86 66
61 64
-55 -4
-16 64
-60 -31
-58 84
-55 7
51 55
76 19
-25 -14
76 -16
-89 49
-21 -78
-72 -86
78 -81
27 9
66 -99
18 -51
65 79
-27 -96
67 49
-87 -71
44 35
-93 90
-76 -21
-64 9
82 -79
-13 91
-96 -34
21 -22
-77 -50
-89 -14
-19 -12
73 31
93 -19
84 35
-32 20
-67 84
13 -28
75 94
0 85
-16 33
67 45
60 93
-58 53
92 -77
-79 38
49 -96
11 -61
-23 87
98 0
-49 41
-1 26
-12 75
-17 27
-91 -79
99 74
-6 -25
-38 70
-34 34
-72 -48
-32 -97
-21 -29
-73 59
89 -85
-12 -9
-60 45
-62 11
24 80
-41 -22
84 -85
-78 80
65 -76
59 4
-51 17
-60 9
68 -76
-15 22
-97 45
43 30
-29 -9
63 36
23 84
76 -4
55 -87
88 -41
-80 -59
71 -22
-16 89
-83 13
38 -74
27 -68
92 -72
41 18
-49 -44
49 -51
-64 -84
-98 29
92 66
-13 -61
80 -35
23 98
-57 41
21 95
97 -15
16 5
0 96
-42 -52
-42 36
-69 82
73 100
63 38
28 77
71 -60
82 -49
-99 100
74 92
-94 -77
-50 1
17 -7
-39 -69
-64 -96
7 -4
-60 77
31 -74
-90 79
7 -47
27 -69
68 60
-50 -20
-55 -43
-61 11
-91 31
-67 -83
76 82
61 24
41 71
71 -63
-70 7
-21 -90
-85 -51
-23 9
6 -14
-28 8
-73 12
6 -26
12 -88
-38 9
98 -74
-32 77
87 -57
75 -51
78 -35
77 -73
57 8
34 22
64 -24
-73 -28
-66 59
-63 -24
24 36
-50 90
-94 68
-88 71
5 -86
61 0
17 83
11 -31
-88 63
-41 97
-56 -76
-37 73
-45 -36
43 98
-35 -92
71 -54
-14 -95
-4 -56
66 79
62 -56
58 -78
-17 -73
25 -66
44 -34
-76 25
68 97
17 -1
-24 -36
19 -79
-83 -57
-91 69
-65 -78
12 -28
-55 55
92 -6
14 -16
27 -31
-45 51
77 -69
-33 -82
-83 47
4 -17
82 -6
-42 -19
3 -24
52 -89
-5 19
-72 -84
-71 -72
-100 64
24 42
100 -89
52 -59
29 -20
-77 -47
89 38
-42 -97
35 -8
-63 13
89 43
-18 -44
-99 4
73 -42
69 99
21 42
24 100
-36 3
29 86
53 98
11 -58
49 14
33 -90
50 42
70 -20
-42 12
99 44
-100 -66
27 29
-67 -65
-80 14
6 -99
28 42
-53 -82
-82 -76
-34 -87
77 -93
-10 -19
66 89
66 -100
11 100
9 15
91 61
23 -96
-27 60
-6 99
-100 -95
22 64
78 -43
-17 74
63 -29
35 87
82 30
-93 -51
20 -6
-16 11
24 59
43 8
-48 20
71 79
-29 -60
54 32
-55 53
-54 25
-74 -96
1 100
-70 85
100 -36
87 -94
31 42
-37 -67
-87 -93
-80 76
100 -69
-70 -94
66 -6
22 59
9 77
58 -74
69 -100
10 -49
69 -46
42 -99
4 56
-96 43
53 -11
-14 95
96 44
-96 -24
-86 91
-42 53
72 48
38 -3
-38 -46
98 -47
-99 -37
81 -37
-84 -17
96 -32
-70 -26
-39 6
-50 -97
-29 79
-46 -93
36 19
-70 -70
-44 -2
27 72
-79 50
-95 21
-95 17
31 28
-42 96
69 35
-8 -36
42 56
90 36
-21 -37
-29 -75
25 87
87 -19
46 78
-72 -34
-21 96
71 -70
-31 -55
32 -6
-9 -43
94 43
-38 -31
72 9
-13 -96
-13 -74
-64 44
-14 -40
-50 -48
64 -15
33 57
94 62
-69 3
41 -14
76 -27
44 93
74 61
-54 -69
-4 39
85 59
-21 4
-61 -45
75 -35
49 27
-97 16
22 -26
-34 97
43 -75
96 39
54 37
3 -31
67 69
85 7
79 -82
-49 -52
-10 80
46 89
-10 30
11 21
52 -17
58 -84
94 69
-96 -71
-10 -5
26 -84
46 -80
-14 -86
45 29
-68 -93
88 -40
-93 -38
0 -27
-50 4
79 46
-45 -33
-18 -5
-67 48
66 -2
47 -54
-63 60
69 51
-51 -4
-58 -66
44 -95
-4 -20
-56 -43
-80 -47
66 -21
-75 -84
-52 -33
35 29
-52 68
-59 -16
66 24
30 55
-61 -7
-7 42
10 -36
40 5
9 -11
8 49
69 -19
-95 32
-67 25
-37 47
-17 73
-81 69
-97 48
-49 -83
25 50
49 44
-69 -52
76 46
6 -58
-27 12
-49 -86
79 18
26 -90
97 20
-20 100
-69 5
98 -75
-11 -28
-45 97
75 -40
-34 -19
8 -33
-58 -61
-26 -69
-83 -97
-4 41
-66 -65
92 -41
-4 6
90 -47
6 -68
11 -13
-79 -10
-39 -5
-29 -43
25 -1
-44 -30
-66 -26
35 62
-29 -26
-76 -61
47 -80
-17 -40
-44 -85
-15 26
8 53
20 -97
61 17
-24 99
96 -100
10 33
-46 63
48 -41
-63 -43
-27 18
25 -39
-32 56
-61 57
69 55
43 -2
20 52
21 33
52 -21
28 74
42 -47
81 -61
79 -7
1 9
71 -33
-18 -75
-45 76
5 -97
21 -30
64 -80
19 -94
9 -9
2 -73
0 -41
16 27
-46 -1
15 -87
99 -64
-15 -20
23 -44
-79 8
-83 -34
28 -60
-50 -46
39 -74
-71 -77
-97 28
-12 -73
25 -99
13 -62
40 -78
65 93
-78 12
63 49
-80 -100
40 -15
-24 30
33 68
41 17
96 77
42 5
-26 12
46 -33
-23 -37
-50 38
47 -52
-82 71
-71 61
-48 25
24 -80
-49 -24
-38 99
44 68
40 88
82 -87
-17 -94
13 -79
-6 -49
-97 85
5 -4
-89 -11
-96 -65
-4 -66
9 0
90 50
26 23
12 37
-90 -57
95 -20
-37 32
-84 81
-48 -97
-18 22
76 23
16 76
52 63
-81 97
-39 2
-4 -98
98 16
85 82
98 82
63 -34
36 -99
86 -73
59 -55
87 89
51 87
-41 19
-89 53
-27 -73
92 70
-98 -84
74 54
72 -42
-97 -31
73 38
-98 15
-54 -18
77 -12
95 67
-25 -22
3 75
-96 39
-65 -10
3 38
43 -79
83 -81
45 -49
-52 59
15 89
7 29
-99 34
-54 -49
-70 -77
90 -56
-45 -46
-17 75
55 32
73 29
24 41
-76 6
59 92
95 81
84 8
-58 78
34 94
64 -8
52 73
98 -68
-100 20
100 -52
-8 -9
-34 -26
-59 36
-99 -31
81 53
-64 -95
-76 7
57 15
-20 -94
88 68
36 -81
-74 -32
-20 -54
67 76
23 -21
44 32
-38 69
-3 -85
-50 -94
-95 -41
39 -72
76 18
92 12
-84 -14
63 40
-39 -54
-33 -59
8 -91
92 79
78 63
34 -75
74 -53
95 70
-15 -3
1 -21
33 -77
9 19
-12 -68
-44 -43
-19 76
7 100
-30 37
-41 -42
48 65
55 -66
9 75
-29 53
-33 19
-60 75
88 -6
-77 -80
-99 88
1 12
-58 56
-54 87
37 -63
-95 15
-43 36
-37 7
-81 -13
-93 -49
-26 -32
-90 50
-12 -69
-23 33
53 -13
-10 -83
25 -72
68 -74
-76 43
-90 5
-59 92
81 -19
62 -94
90 75
-18 14
-55 -23
38 20
94 75
64 13
37 66
-37 65
11 -84
54 -39
-58 -52
94 -81
3 56
49 96
20 19
93 -64
15 38
38 56
17 -33
99 -19
27 -13
-96 -28
70 -58
-67 15
31 -18
-67 66
36 -14
77 80
89 -51
73 40
-49 -57
97 83
62 -95
18 6
67 -50
-97 63
-43 34
-74 -74
-6 36
40 -58
87 48
37 2
27 86
-4 20
-93 -77
2 -28
-86 -91
61 51
4 52
-13 -27
0 10
-27 8
5 -57
-87 -8
3 -53
-68 -19
-98 16
-10 -22
96 -45
-92 -20
-96 -54
-12 -65
99 -45
-27 -16
-72 -74
-92 -21
39 -94
57 4
32 98
-52 -83
-55 31
72 -2
-4 30
-48 -51
-85 -56
-15 -10
-52 42
-78 -49
56 6
-79 52
-56 15
65 -15
29 82
-97 100
-37 51
-81 59
-55 -39
9 20
2 76
25 30
-31 -16
-36 -61
57 44
21 39
-42 -4
79 29
11 47
-39 -49
86 -61
84 -31
13 -25
13 22
23 -79
-51 38
-91 -29
-12 90
86 -51
26 -40
-84 -94
-10 97
24 20
-69 54
52 45
85 45
64 90
13 6
-55 93
-58 -63
20 64
20 -29
82 -98
-99 -74
-66 71
-89 43
-100 59
70 -55
-55 -37
-17 -25
88 -97
69 -3
-78 57
36 -30
-22 -61
10 -62
77 3
17 94
-8 70
90 93
-50 -34
-63 -20
-76 24
27 38
35 4
-73 15
35 -17
-98 90
-26 -15
85 38
58 -13
-54 -91
59 -28
-42 -49
-73 22
-51 -100
-6 -55
61 91
-82 45
11 -35
73 -63
30 -5
-46 -56
-13 -29
27 58
-41 -68
49 7
40 -38
12 -33
-23 -6
-96 -64
27 54
-26 -31
49 -90
78 18
-80 -72
45 93
18 50
-89 32
-34 -96
74 81
-93 -15
20 10
38 -49
41 40
-80 36
-15 -40
14 2
-45 71
19 21
38 5
1 42
-69 20
-24 18
-40 -67
-43 35
55 -15
19 -57
96 -43
-33 -13
-39 -98
-74 57
-85 26
-23 -58
-30 -61
41 23
50 -86
58 91
-85 40
68 11
-27 -3
96 80
-14 14
-70 -21
-77 -95
-42 -68
-83 -16
41 31
66 72
-25 68
-25 -46
-90 35
-90 23
-62 60
-77 85
-89 -21
9 38
-73 -38
82 74
30 -100
78 -38
-43 -1
14 -34
77 1
86 -62
-25 89
80 -86
-56 94
79 -79
-61 64
39 39
11 24
-30 61
35 -74
56 -99
9 -21
-3 98
77 -37
-5 -75
69 -15
-79 65
-63 -59
33 38
1 -29
-73 -76
25 45
-23 -35
-41 -56
80 -19
-20 66
2 81
90 -34
23 92
-60 17
71 -10
-58 -50
28 54
77 -22
0 -39
-80 29
-20 37
-17 50
0 -96
45 96
32 34
-57 -36
-25 60
-20 -90
-45 11
60 -26
-9 -64
17 -63
-81 23
31 -42
46 -22
-28 77
-92 73
10 -33
94 -69
-11 95
62 -86
-33 35
-17 60
82 66
9 73
69 53
18 -86
11 15
-2 -94
1 -83
-39 -88
-61 -18
62 -72
-49 16
34 -55
77 -85
-92 -85
74 86
3 52
67 94
-63 66
45 -24
56 10
-28 79
64 3
85 -6
-82 -79
55 24
-55 83
-76 41
39 -59
31 34
81 49
97 -36
24 -95
-22 15
-54 -62
-13 -76
11 -9
-76 -90
46 -91
58 58
-56 24
95 92
31 83
94 5
47 81
-70 78
100 -33
-52 -86
-16 9
-29 -34
70 44
-94 44
35 -97
-59 -75
-54 -3
-68 17
27 13
-87 91
-45 -4
-27 74
23 -74
-38 -96
100 39
-27 -2
4 -5
52 -83
100 76
89 29
-44 -95
5 -87
15 88
-49 -68
-99 -66
77 42
-5 -78
-81 2
-96 -100
68 -60
74 68
-74 18
47 48
-29 92
37 -78
-89 -3
80 85
-47 14
21 -18
-65 -31
83 -52
65 -96
-19 -17
-63 -78
5 90
77 -53
13 24
-16 -46
13 -97
-13 31
80 -50
-34 -30
-45 16
97 84
41 1
16 62
-97 6
-80 -18
21 82
18 4
10 19
51 38
63 97
10 -7
-85 17
21 -92
89 -5
-7 -38
-7 19
39 -99
47 -82
-26 -49
-70 -27
-28 -96
8 -11
-8 17
49 59
-21 -93
-36 -82
18 60
65 28
50 -57
79 94
27 -20
-86 31
-1 16
46 17
38 43
17 4
-82 62
-100 -46
41 -18
-32 95
-64 -41
-13 -99
-68 -84
92 -67
-52 53
-17 -4
-93 0
-98 3
-58 -38
85 -34
-42 -66
-98 -15
53 72
-15 4
-75 -13
-58 -73
-86 -35
-28 -67
68 29
-11 -61
-75 67
87 -75
64 2
68 32
-71 -92
-31 -9
-23 -74
48 -100
-1 45
-54 0
-42 65
-87 61
76 -83
-96 58
-37 83
-53 87
50 -91
-87 -87
-24 -30
-80 -16
71 -67
-84 -86
84 82
81 -33
-9 -30
47 -38
-27 2
19 25
2 23
-42 62
-86 95
20 58
39 -6
-57 11
30 49
-99 74
50 -73
93 -100
-60 -58
36 91
26 -30
41 91
89 81
-56 3
-37 -8
-97 -68
-30 -22
-59 45
-89 -44
32 56
79 65
-87 6
-35 -11
25 -31
99 -72
72 -13
89 -18
75 53
-71 24
85 -13
70 51
96 -64
-21 35
93 59
-82 -39
85 14
60 83
64 65
87 -46
42 8
3 -9
31 -39
17 54
-57 24
78 -47
53 4
-94 -79
13 -11
74 -37
23 -31
-40 40
-24 -98
46 -76
-56 40
-58 12
48 -74
-53 44
-32 -50
12 -27
8 23
72 -48
-29 -98
-94 -85
96 -76
-17 16
-8 -32
-57 85
-66 38
-45 -98
64 41
-93 -63
0 -36
92 45
58 -75
70 -2
78 61
23 17
-38 66
7 4
-83 -75
3 88
54 58
-13 90
-64 -66
-52 -63
61 -7
79 62
25 52
-55 -53
-12 45
-94 22
-39 -2
77 7
82 38
-23 66
-79 89
-5 30
-11 -74
-97 -55
66 -42
-14 48
23 -68
90 -23
25 25
83 85
-93 87
-75 -97
96 16
-65 -75
-100 47
-87 57
-7 67
-89 -63
55 29
-31 75
-7 -11
-52 -50
-89 91
90 5
74 91
72 -53
12 80
91 47
3 -65
-83 -74
-89 2
-14 -23
-72 -10
38 -90
97 -50
5 9
-97 -43
83 -23
-91 -21
-27 -19
8 -70
-79 -65
51 70
-3 -49
24 -77
-41 -81
-56 95
-67 97
-62 85
57 -18
-8 34
62 -50
-7 21
-22 -89
83 8
-5 72
-28 -33
-4 -43
48 -27
14 -6
90 -64
74 -70
65 9
35 82
55 52
-35 -79
90 -30
63 53
-95 49
19 -25
6 71
-96 26
-61 21
-73 -98
16 -1
-71 -24
-26 57
84 70
-25 -67
-84 66
53 -30
-57 -6
-49 88
65 20
-35 -4
-13 -60
37 -51
29 12
-48 31
-80 80
-96 -36
-46 -28
39 50
19 -68
83 -61
-65 -88
66 0
86 -31
-87 16
-77 37
6 8
-91 84
17 -34
4 1
-58 52
38 -28
-19 -13
58 46
-68 42
-95 -8
74 9
-25 -89
-8 74
-13 -2
65 48
77 34
25 79
87 22
-7 -37
37 -88
21 -74
-49 -60
-81 -63
24 -50
-45 2
-8 -3
80 27
-68 22
96 -53
30 81
77 36
72 88
76 -100
92 57
-96 -26
27 35
72 45
-51 56
77 -96
-13 79
82 100
90 23
-50 71
92 -20
21 -85
6 50
88 -82
-18 16
-58 92
-60 -26
40 -27
32 3
37 -26
88 -67
-51 -37
46 -86
25 82
-100 -98
93 -40
12 -66
-42 -71
-57 -39
-91 -33
1 -19
-6 17
-41 10
30 -31
-56 43
40 53
-29 80
-78 -16
93 -33
-22 89
30 17
32 90
-91 -70
-45 -22
-55 28
17 88
-73 -59
-77 -65
55 19
74 -16
-86 -43
-32 88
54 80
99 -20
5 93
-22 96
4 -68
23 68
66 -97
-61 -68
-14 22
-57 -85
2 -80
52 -70
-8 -50
-40 -10
47 96
82 -88
-97 86
86 92
81 12
-64 92
68 70
58 -64
-9 88
-99 56
-33 31
-13 2
77 -46
-72 -7
-69 -92
32 -71
-82 -43
87 -47
39 38
-17 45
-73 -57
37 -25
75 1
-11 -77
4 -58
91 -56
-10 -72
63 -96
55 -20
1 55
-59 -69
-14 -3
-66 -97
27 32
13 -63
1 25
-40 -91
41 87
34 83
-62 -46
-46 -4
99 78
-13 -14
5 -2
79 87
61 -62
-5 27
-66 -76
-48 80
-77 31
76 -65
27 -70
-36 57
23 -51
-57 100
40 -8
99 -57
30 84
26 -69
-63 28
-38 13
-52 54
97 42
-27 -40
78 -15
-33 -26
34 1
1 -34
-69 49
-9 9
-88 -92
25 -37
-63 31
-21 74
-4 -34
-91 94
-78 21
-50 -75
43 -37
47 94
94 -99
-13 60
-6 54
-24 80
-56 78
-34 -4
-52 -80
6 -89
-9 -59
8 -8
-100 -5
-48 -74
-56 -74
-30 -97
18 -82
36 -34
50 89
-96 -35
46 7
34 -86
-17 89
43 -7
84 -71
-52 65
40 16
-29 -33
64 61
-38 67
82 -63
-47 -76
-40 31
9 -68
-34 80
22 68
80 -15
-75 -25
48 -28
-8 37
1 35
-8 87
-57 -43
11 65
3 -94
-8 -99
-15 5
84 11
7 -85
64 -50
-77 98
97 82
-78 -86
-39 10
-89 63
-92 -70
61 87
30 -11
90 95
-27 62
-46 0
-10 -12
-79 -78
-59 -3
42 -72
-42 -18
70 6
-9 -12
-31 -82
34 46
-14 28
64 40
-81 35
82 56
-59 -59
19 -97
-46 -19
98 -82
31 99
-43 6
-7 -83
44 -22
50 -64
-38 -75
14 10
43 95
12 16
42 21
-89 -64
1 -50
-72 -12
-8 90
32 32
-15 94
-23 96
-40 79
93 -26
-85 -4
-24 -62
29 -90
-100 65
43 100
-76 -10
-80 -32
-85 -48
42 88
-75 -88
-22 49
-97 98
70 -56
29 -1
52 -39
-57 -37
-10 -8
-45 45
48 -26
81 29
14 -25
-23 49
-12 -81
79 -85
-66 30
80 94
-87 17
41 -51
-31 92
79 64
-69 21
73 14
88 -80
39 -75
48 -60
-42 7
94 -16
80 -61
6 9
59 -31
-87 -2
31 -4
-40 -29
87 3
-6 -38
-46 91
-75 -46
-34 -33
-76 -36
-14 -67
8 -86
30 34
70 66
-67 62
22 -65
-63 -33
93 -46
-55 -52
23 23
-61 -70
56 -30
12 -57
61 -55
-11 89
75 -53
-99 18
-72 -78
33 -54
-83 -98
54 -9
98 -45
-84 85
-71 10
-80 86
73 41
-94 -37
76 -81
22 100
-80 46
21 27
46 28
42 -89
83 -33
64 24
-75 91
-73 -58
22 -69
-39 78
75 -27
-91 -14
-92 6
71 80
-35 90
88 67
-40 -58
1 54
53 -17
-97 -13
55 -14
-61 -17
-75 77
-73 84
20 -84
51 54
-97 35
-25 -13
49 -31
71 8
-64 78
-96 -25
24 -34
-94 60
-69 61
-49 86
-30 -37
-17 -37
-21 71
53 -79
29 -38
-5 -61
-75 78
-62 40
88 51
-77 45
-71 -93
91 45
-75 -82
-39 92
12 -24
-11 -9
-82 24
-42 69
-64 -35
-26 91
44 -80
14 -24
59 63
66 8
30 -6
14 54
-10 62
77 43
-52 -14
39 95
80 -34
79 -25
-23 -42
65 -14
29 57
-20 45
-73 65
-15 23
-89 -42
-77 23
60 -25
20 70
80 -59
-44 59
12 51
98 42
6 48
-30 82
26 44
74 49
5 -88
6 -47
-53 -47
42 58
-63 61
-13 10
-37 -50
71 11
78 68
4 -91
-59 56
42 49
-35 40
-89 -16
-4 69
-100 35
82 40
-44 -72
23 59
-42 -98
-48 97
-75 -21
-19 -81
-98 91
59 39
-43 90
-41 69
54 26
22 16
68 73
-99 -33
95 -57
23 65
-44 -60
-49 6
-88 -39
-26 -22
-12 -80
-35 -66
72 37
89 75
-74 54
53 -19
63 -16
8 -58
47 11
96 -44
-46 79
-23 71
-60 76
-74 46
50 -69
-56 -64
-13 -46
-43 -93
52 14
-57 59
-89 67
-65 9
-21 -18
76 40
-11 48
76 -37
-95 41
-70 98
-7 94
12 -35
70 -100
90 67
54 100
32 16
-95 89
58 21
-49 42
90 1
88 -27
46 59
-73 97
-95 -45
74 74
57 10
72 -84
76 67
-12 94
75 -7
-27 -27
-36 33
-23 15
41 90
-13 15
-88 13
64 -82
-73 -63
-83 39
19 10
58 30
-7 36
90 84
57 -12
-29 -31
-58 -85
62 19
-32 -7
86 77
14 -45
-11 -23
88 -10
-95 91
-100 -33
-93 14
-55 -35
-81 62
-3 32
94 -96
-94 -43
26 49
-64 29
27 -21
-21 83
-81 -57
-98 27
-1 -36
41 72
-74 40
-34 65
15 83
-64 -57
12 39
16 63
8 -88
-35 78
94 76
86 -49
-2 29
-2 56
-9 -63
71 41
59 48
47 43
-44 -68
-36 21
-5 -35
-62 -99
-88 44
-37 3
-22 -52
2 -58
-88 78
-2 68
-58 98
48 75
-22 14
37 -56
-5 -90
-1 62
-56 4
-2 63
68 5
-53 -4
50 70
67 -7
70 -80
-7 -63
-31 -24
40 1
35 -9
56 -79
-93 -7
85 -4
27 81
43 69
51 -88
-3 -42
60 73
33 -2
99 -74
4 -59
-88 69
68 85
59 24
39 -2
79 77
-2 -28
93 86
-86 100
-34 -47
-5 4
42 -5
30 -54
-80 -78
5 1
4 8
-16 -36
-84 -44
-23 72
-17 96
0 -19
-72 -42
76 98
1 41
55 95
-71 39
12 -83
-87 78
-43 -51
56 83
64 30
10 25
56 -48
-62 65
87 -53
-28 41
-65 3
-86 -4
60 -6
-7 5
-40 99
97 -79
-51 99
-50 -70
-20 -10
14 -43
-39 -21
-100 -85
-31 -88
7 -18
-61 68
-96 -23
-97 -30
-38 -43
-48 40
34 -32
88 12
-57 -88
-95 -98
-71 -46
-61 43
-13 -45
33 88
-74 -39
9 65
47 39
-87 66
33 27
-30 -67
25 46
-18 84
-2 -10
67 44
-44 65
54 -48
-72 -64
-93 11
90 85
-92 85
-62 1
85 66
-57 -3
-70 -49
-21 -27
-64 -44
50 11
-54 15
-2 91
51 -29
23 18
-86 -51
-83 31
-8 57
7 94
-54 51
-30 31
-4 -57
-73 -82
17 -22
25 -47
-78 70
-36 18
85 -29
-38 -9
-93 -47
99 -48
-3 -4
-1 91
53 -54
64 -89
56 -38
41 84
100 -72
93 -78
-16 -28
-35 12
-33 -85
0 -42
-35 47
-53 47
23 -20
49 -57
37 -70
26 31
13 -61
-22 25
-2 -100
-88 -74
32 83
47 -66
19 -99
32 57
94 -39
72 -67
44 -75
76 15
64 1
-91 21
-85 61
73 -44
96 -19
-73 1
-66 44
45 99
7 -98
-75 -3
-12 -74
72 43
-3 24
-14 90
31 -27
-37 -48
19 69
92 -35
-56 -31
89 5
35 -20
50 -52
12 -23
63 66
21 -2
-53 -65
-25 12
70 -43
28 -57
97 78
-86 73
-51 62
31 26
58 -73
85 51
64 -70
45 -21
-35 97
52 -20
-27 53
-62 45
39 29
47 -57
30 -45
-42 67
-68 -1
-70 9
70 -79
-6 -57
-100 39
59 -8
92 -12
6 56
-7 2
0 49
3 -32
31 -59
74 -89
80 90
42 -3
-13 -97
60 78
59 -54
27 -82
-2 -46
-80 -84
39 13
55 56
71 -57
-100 34
-39 -24
68 -24
74 -6
47 15
-17 88
-1 47
-16 -91
-89 -61
34 -38
6 -63
97 65
12 -12
-4 -49
-86 1
36 75
93 10
1 74
36 -36
5 30
-71 -37
89 -77
10 -19
-49 69
23 -32
-44 -12
90 -17
-7 56
-67 68
1 68
-11 2
10 56
92 75
31 8
45 -74
42 -45
93 28
58 -80
55 -96
56 -7
-69 6
-60 49
-37 -100
48 -44
93 31
-17 0
98 46
-68 -47
-94 69
-97 -53
72 2
71 -18
-28 36
78 -58
86 -43
8 -18
68 47
-17 24
-19 37
-35 36
17 -58
25 -32
76 -12
94 85
75 3
75 -64
-6 53
7 99
74 -75
-71 100
50 -29
-40 50
-30 4
-52 -8
83 79
-30 39
70 -39
91 -45
8 -94
-41 -44
31 -6
-79 55
97 0
29 80
10 -5
-65 -46
87 43
-26 -25
45 -72
78 -34
-98 96
73 -51
-92 10
-53 31
-28 -81
-42 -73
-59 64
-89 -2
-2 -35
-93 91
-58 -2
-78 65
42 -88
-78 64
-58 27
-22 -32
10 30
55 -1
51 -3
1 -89
87 -89
-26 -58
39 -49
-57 62
4 32
55 75
35 -6
-35 -21
-1 -41
2 -92
-90 -31
-64 34
10 72
-34 0
21 -28
-46 -100
-81 -34
9 -88
-29 27
66 -18
2 65
40 35
13 51
-3 -96
-94 12
58 80
36 93
20 -3
42 -54
-80 24
-56 80
-28 -43
67 43
-16 55
-2 -21
54 21
-5 -22
78 3
-68 -73
94 6
-2 -86
89 56
-100 -32
87 -5
39 -13
-15 70
2 -24
15 -64
-73 -33
-80 93
24 85
-5 -21
-46 97
-15 96
-81 -28
-79 -84
12 7
-40 -69
-14 12
-61 39
60 64
45 -25
43 40
-77 29
-99 8
-58 29
-23 -95
44 -86
8 35
-25 -38
-98 39
34 -42
-67 -42
-18 98
-42 54
-79 -23
-28 -90
-22 -35
-81 79
45 -6
-53 3
71 19
92 -90
91 -82
77 58
-43 -15
96 13
95 1
-68 12
-57 17
85 -95
-67 12
88 -92
75 -44
81 -16
40 38
90 -24
96 79
-7 -100
46 -39
-26 45
11 -93
-4 58
91 -71
39 -76
-29 -97
21 -51
93 18
15 -70
-47 -14
94 -54
2 -44
-70 56
31 40
38 92
-30 62
15 43
9 92
85 -12
76 -53
-81 -55
5 10
19 54
-79 -85
94 -59
-29 93
63 26
-42 79
-11 -31
44 59
-65 47
-14 47
-16 96
45 42
-14 -35
94 -100
49 47
-24 -79
-1 95
45 37
95 -69
2 -98
-37 67
-96 -73
-89 -87
-62 95
-73 -24
6 -66
-7 -47
58 64
-82 32
22 -58
-10 6
43 -43
-92 -73
4 81
-21 52
20 33
28 24
-62 -64
31 -38
78 93
77 -4
78 -100
-33 38
-78 5
-94 -81
71 -24
-60 5
92 -8
28 68
-39 31
-77 12
-100 14
-77 -76
31 92
90 39
-93 -58
28 -17
-83 -94
-41 -9
34 2
-47 -81
-6 12
-74 53
-30 -27
-59 14
-98 -39
9 46
31 87
-14 36
13 -70
31 -21
-14 -13
-49 13
95 46
-18 10
-78 -62
55 -13
22 -18
57 12
-83 -95
64 -68
71 -49
100 -12
-78 -8
-79 -63
93 9
42 -20
38 38
63 52
-35 70
-50 -100
-83 70
70 -64
57 31
43 25
-55 -66
-1 23
34 -24
72 -87
23 85
13 47
-1 79
82 20
24 39
-58 44
66 -82
58 -1
-53 26
36 -6
-47 63
3 25
-85 59
82 35
-40 -93
-14 5
-96 51
-39 8
69 -77
-18 23
-77 100
-10 22
-98 -78
-76 88
36 -88
-42 57
24 -94
77 5
-51 51
72 -77
-44 52
68 -23
8 -31
-47 -84
-57 78
17 2
-74 -10
-34 21
-1 19
93 -72
-93 66
-37 -31
30 -26
-18 33
-23 -25
77 -49
95 13
-21 42
47 31
12 96
31 1
-96 6
-51 3
6 96
36 27
73 47
43 83
39 67
23 49
-61 37
77 89
96 -93
-25 62
56 -53
89 17
77 25
-98 81
-66 95
96 40
-91 20
42 -30
-50 15
-6 84
-26 59
49 11
52 -69
50 -23
-36 -27
87 2
-17 -89
16 36
-56 -100
-78 94
-63 -49
-89 56
-6 -92
-44 32
2 -29
66 -24
-7 -9
79 51
-68 -29
-62 -13
-74 -46
86 40
62 58
61 38
-83 -93
-73 88
27 67
18 -65
71 47
-34 -94
-91 -5
-32 -49
89 59
60 72
73 51
30 -58
58 8
4 12
18 83
83 77
-43 86
-50 93
-57 39
-28 40
-28 -37
35 -72
78 -97
-7 14
-8 -100
-18 -86
54 -100
90 42
51 -9
-99 67
64 18
81 -27
40 -81
-3 74
67 -6
-93 -93
-91 6
77 -50
-49 -36
-12 -43
-53 36
-75 -95
-87 -14
-75 -70
-32 -68
10 -41
-29 12
62 -18
-88 -82
-28 95
0 -83
63 81
59 -46
-35 20
61 -53
-17 -22
37 -74
20 37
-36 50
61 29
-77 2
-10 70
36 -58
-21 46
79 70
-71 34
31 53
-7 85
-67 98
-37 30
-22 75
47 32
76 92
0 36
31 -94
-12 -38
-56 64
26 89
-100 -90
-21 -80
-64 -71
29 -6
92 0
91 -13
-77 -83
-66 18
28 99
9 -57
-72 35
89 -71
61 -20
-54 70
76 12
59 -39
14 -13
57 66
-17 -48
17 -96
-76 -9
-2 -74
-84 -47
42 99
62 -26
-59 -38
12 11
-13 -10
-28 86
-84 55
-68 -15
8 -41
32 63
80 81
8 76
43 -89
84 -42
62 -33
35 91
79 -63
64 66
50 86
92 91
42 -62
-74 11
21 -89
-83 -15
-65 95
26 38
-82 -82
-11 98
75 -31
-90 -20
-75 29
61 72
47 9
56 36
55 0
-34 -41
58 -52
94 -89
-9 -61
-74 52
46 -24
-68 -34
36 0
-28 -92
-28 44
77 21
65 73
42 30
-26 -2
-34 81
40 54
29 -31
41 99
9 96
-2 45
-24 -58
-48 73
-22 -28
24 53
64 88
20 86
27 -87
-86 -38
-40 36
1 -16
-29 -61
-58 -12
-10 -38
92 -26
81 -58
16 -57
65 44
64 -95
88 22
46 95
81 -72
-15 7
99 98
79 -59
22 -22
43 61
-72 34
7 -31
71 -32
65 -71
-1 11
-68 16
32 100
-64 35
13 49
-18 -3
-54 -83
6 98
23 48
-60 41
-57 -62
-16 76
36 48
-17 -18
89 51
-65 94
-70 67
79 -88
-1 51
56 95
-25 -24
30 95
98 -11
-13 37
100 34
19 9
-81 -97
42 -32
-19 -32
74 -13
-96 8
86 -22
-52 -22
13 52
79 -65
-17 95
94 15
60 -52
6 -55
6 -50
-36 10
-53 98
36 -97
-67 16
-28 -53
-23 -18
-72 38
-36 -56
89 79
-25 -15
43 -36
36 88
-99 97
33 71
-91 -46
-44 -94
53 44
53 -72
21 90
95 38
10 66
95 -88
-42 64
11 33
81 -87
-12 18
-41 26
54 90
34 100
84 -81
-16 -56
22 56
99 39
94 -72
-100 0
-15 39
-69 86
23 -23
-22 24
-19 36
37 -96
77 -80
6 -3
-88 -34
83 -38
13 90
52 95
-33 -6
51 -89
-85 39
67 -72
8 26
-49 28
-38 -12
42 -73
-22 -17
90 65
51 99
-100 -47
-5 -70
-35 -35
-83 -18
-67 -13
50 -55
58 98
72 16
-14 60
-49 -30
-35 84
-76 -19
-3 -94
44 -2
-56 -24
38 -72
-53 35
-46 -52
-69 10
77 -30
-90 -100
-86 4
-75 9
76 35
-28 31
-69 56
71 95
31 -100
58 34
-4 -48
-12 -27
86 6
10 77
-31 -84
98 98
17 12
78 2
38 39
5 -30
60 -1
51 -36
95 14
15 -33
-38 47
-96 70
-25 81
5 16
-43 -9
-81 -44
-96 46
78 35
-17 64
44 -62
18 -76
20 -64
-64 -18
-53 37
55 -86
43 -87
36 -47
92 -3
2 -25
-2 -61
-58 80
46 97
38 -65
70 -66
30 -59
77 84
-21 64
22 -20
-36 -50
-94 63
24 -44
-32 -54
38 35
22 62
22 -64
-56 61
77 -57
-52 96
-32 40
-21 -30
-49 -66
97 -5
-15 48
93 36
25 26
-74 -63
14 -88
-16 -16
55 76
2 93
55 94
75 -88
29 -10
65 61
58 -4
-41 -19
66 84
96 -23
-60 16
88 40
58 54
63 0
81 -8
-79 10
-31 -65
5 94
59 9
-47 24
94 -9
26 -18
-57 79
2 78
81 7
-33 29
22 9
77 74
-34 31
-3 -77
-82 13
98 -41
72 -55
5 -83
-84 -55
67 -9
-34 93
10 20
-34 2
-82 -96
-11 14
-81 -76
82 51
-16 57
-77 61
41 63
-27 -90
54 -31
3 -84
-64 -39
12 74
57 95
27 98
-100 4
68 36
44 -84
-72 -91
16 55
-74 23
97 -1
-33 58
-50 -5
65 -51
-79 -36
-38 -27
-42 -31
30 -64
9 -50
19 -29
-96 -6
-36 1
85 52
-68 -37
-80 -4
60 -66
19 -44
87 -54
-11 60
-81 -29
25 -30
78 66
-53 -55
-97 -29
47 -41
7 -7
-40 -84
23 -49
-64 30
-2 -90
63 1
22 80
-69 4
-72 -76
40 40
55 -31
2 60
-44 -87
-33 60
14 -7
99 -70
-79 -30
88 -88
17 68
36 -61
-40 -13
9 55
-84 79
-91 29
55 -90
96 -84
-1 89
-78 -70
50 -2
-54 -65
70 23
-53 69
-44 -48
98 60
86 82
40 -61
-99 33
59 78
80 -96
-32 3
98 87
-98 75
-9 -24
69 18
27 64
15 29
72 -7
8 10
63 -80
67 42
71 66
-90 -98
68 -63
78 -95
10 -30
18 -17
11 61
7 -74
-57 16
-81 67
-43 45
-22 34
13 -14
-9 7
-99 -6
-57 56
54 -68
60 -64
-58 -49
-60 -50
82 -47
-59 -31
-73 51
-49 -9
-57 27
-37 61
-14 24
-96 -22
73 -22
52 61
16 -5
-47 44
-43 79
-3 -27
-52 90
-40 -21
7 -21
42 -9
97 96
39 17
-90 69
36 -54
69 -66
-10 24
100 -61
-57 -27
15 1
-81 4
-76 76
-100 75
39 -78
53 -64
81 83
48 -84
-40 75
-49 -33
-68 -53
-86 -42
-20 -36
-78 -98
72 63
-85 -16
-83 1
-3 -95
-56 28
-72 70
56 -86
-29 -67
41 -39
-81 7
-77 79
51 -46
10 -57
4 76
-92 90
49 -29
-64 75
64 78
9 -67
-42 -12
-48 66
-92 9
19 84
-69 -98
-23 100
-82 -3
61 -88
-33 85
36 60
-70 -93
-44 5
81 -45
35 -4
21 -17
-62 -80
32 75
-21 10
85 0
-75 -34
-71 -34
-9 -28
-8 -98
-62 -59
-96 -3
-24 22
-29 -25
-61 -49
-27 16
-62 -2
31 -48
-54 100
-82 -61
-5 89
75 100
77 -91
34 6
-99 -84
75 -60
-48 -11
-37 63
76 -25
-54 23
71 -20
6 16
-65 -62
-1 29
-87 -65
-16 25
89 -35
76 36
-93 -31
41 45
34 -99
18 -54
90 88
-99 58
15 73
86 95
-100 -71
-1 34
-27 -36
77 92
79 -64
34 75
95 -21
-82 35
-65 -44
-33 4
-29 42
-73 -81
-63 -85
98 22
-37 74
-40 73
-82 -24
59 87
39 -65
53 91
-69 43
70 15
38 -86
49 -84
-36 63
-13 -57
68 -72
-65 56
-51 -74
-43 -17
7 -1
78 23
-66 -9
84 57
21 -97
54 68
-32 -31
-18 0
-15 87
7 -10
-44 4
-63 -95
-25 7
13 14
0 -57
25 23
-44 -18
-59 -2
56 29
44 -28
-92 -46
-27 17
70 95
63 98
-73 -73
49 28
-73 39
16 50
-7 59
-43 25
-13 -50
13 100
11 -36
61 -95
-63 72
-50 -14
-12 -92
60 37
20 -21
93 -77
43 -26
38 -20
-23 12
-99 19
23 5
-37 -72
-9 -48
-65 19
-25 -4
-89 70
-68 -68
82 -58
55 -52
19 30
-76 -4
86 -36
92 62
-93 25
59 93
33 -30
67 39
65 64
-85 55
0 21
-17 -32
80 29
-74 17
-71 -62
-74 19
-70 -88
61 -89
-14 54
-9 30
-81 17
-88 -27
-13 4
40 70
72 74
-53 -85
10 -84
-23 -73
-33 -41
46 33
-65 25
72 85
-51 -51
70 -94
36 -9
-37 49
-20 -85
80 -4
-49 76
-55 73
-39 29
67 88
2 100
94 97
-42 -78
-16 20
-10 -25
67 63
-48 -98
40 -13
-93 13
-23 83
32 -20
-96 45
50 47
-22 -29
-53 -98
-52 -48
-63 48
-32 55
56 -36
-87 -58
-13 -91
-8 15
-66 93
69 -14
14 -58
86 -2
-82 4
3 99
100 65
-12 -45
0 23
-13 54
69 92
27 59
75 -1
-97 22
-3 83
-35 -53
-70 93
6 -43
52 -43
-93 71
62 73
-40 -6
33 91
-98 -42
23 -87
71 21
-53 -11
7 -79
55 27
-22 -16
-13 59
-63 -3
-75 -29
-38 17
-22 69
29 68
-39 -38
-13 16
22 -46
60 -36
41 -65
21 53
-88 -93
17 38
-5 -37
93 -2
-9 -49
87 63
100 64
49 -83
-82 10
67 59
-55 46
-11 3
31 -36
15 -59
-95 -89
-58 -56
-10 -34
-33 -50
-67 -21
44 -36
43 -19
-47 -70
61 78
-63 97
6 20
-27 28
-97 2
99 -11
-95 11
35 -60
37 -79
-16 -12
88 32
-7 -96
9 41
41 30
-46 -81
-26 0
55 -16
47 -21
53 -29
-97 -15
5 -81
79 -22
31 -56
45 -3
93 76
-87 -86
-69 -88
86 -82
59 -56
42 -75
33 98
99 31
17 -78
-11 54
-4 -80
43 47
13 -8
42 28
20 -26
-52 77
8 -52
-13 -62
90 -96
-61 26
-97 17
-99 55
26 -72
-27 31
52 20
64 -28
56 -93
6 3
-46 -72
-27 47
-1 93
-19 -99
-1 -97
78 91
62 40
12 34
-82 -2
-99 98
-29 -63
-85 72
-43 83
-86 18
62 74
-49 -12
82 22
50 98
-8 -38
-81 -12
-33 75
-91 -40
-95 26
-27 -48
89 21
27 -57
96 93
-79 32
-20 -59
-81 -77
-92 98
46 -42
-93 55
71 -2
55 -70
52 30
-86 -92
-1 94
66 85
89 -6
-38 -53
-43 61
-37 -52
75 -98
28 -83
-7 12
17 26
44 -16
-67 -16
43 -18
-45 -23
-90 83
73 8
74 46
-74 59
47 82
21 30
-22 -83
45 72
44 -41
-3 11
62 39
-60 32
13 5
-54 -63
50 -1
-45 -39
-18 -28
-74 -54
-34 -6
-79 94
-76 -72
13 -9
-81 -46
-95 -81
40 87
83 -90
-96 64
4 -30
56 54
-27 75
9 -31
-28 51
-50 84
15 -84
-31 -44
12 -18
25 86
18 -67
44 71
-47 -91
21 22
-27 -42
-63 33
12 100
74 96
26 -94
-3 4
81 22
-5 -45
-53 -83
8 -38
37 -8
-70 83
-44 -22
-79 88
-18 64
-50 2
59 69
48 95
56 -95
48 1
60 -82
-74 0
29 -65
-81 -75
-10 -82
-66 78
86 34
-25 14
-34 -13
-25 -53
70 100
-88 -51
-100 32
-58 6
67 -87
-91 -80
-44 58
-39 -14
92 98
-95 -43
17 10
53 32
48 -16
-9 56
-76 20
11 59
61 -70
-95 16
-81 -30
57 29
88 74
-43 71
-61 -1
31 32
-12 47
-37 -27
72 -99
79 8
26 -37
52 52
77 18
-11 34
-75 -6
49 93
29 31
29 -22
82 -32
-75 -85
-3 76
-19 28
-8 40
23 63
9 -14
2 -65
82 65
-99 -11
93 -29
-34 -48
-61 -59
43 20
-3 -86
0 -75
31 56
-53 80
79 -21
43 -98
-72 44
-56 -67
6 21
62 5
-46 44
45 -53
-76 86
21 -59
-19 16
85 -44
32 46
93 88
21 88
-100 85
-88 -19
-25 -60
-85 -22
86 56
43 -59
-50 99
-3 -81
-76 -78
84 -30
-92 54
45 -80
-100 48
-14 -18
33 -29
86 -28
61 39
22 -81
99 49
-68 87
-95 -95
-37 -40
-26 -10
57 -95
60 -84
-97 32
5 7
89 97
14 90
-68 39
-3 -66
-28 -79
83 40
54 -73
-61 90
-28 30
-24 -64
-96 -13
86 -88
-80 -22
49 51
-30 72
-18 18
86 20
55 -23
89 -100
3 -60
64 53
-64 73
75 64
-12 54
42 79
68 -32
-20 -77
-3 72
-57 63
42 -55
-25 2
62 3
-99 -78
60 -27
-68 20
98 -40
-13 -94
31 69
28 -45
-53 49
-72 61
85 73
99 48
9 93
-64 -25
-33 69
15 -56
-51 68
-65 46
-21 -60
43 -22
9 -78
-63 22
49 -36
19 -90
-23 -100
81 34
89 47
-92 -79
85 -35
-29 -10
-17 -76
-74 2
62 0
-24 37
-61 -54
32 22
-26 -27
-55 87
-72 -9
44 -71
13 7
35 -28
98 -23
44 -44
-54 76
-31 -74
-6 -37
-29 -17
-35 75
-54 -98
-51 59
-61 35
-2 -6
28 53
-92 34
-59 -21
24 88
-80 -81
78 -71
15 -41
-25 69
-10 46
-44 41
96 -35
-85 45
-11 56
-17 100
36 76
0 60
-100 -56
-13 97
90 70
-3 -51
-15 -53
-56 -20
41 -5
-7 -74
-29 -30
20 100
-80 17
-60 -23
-65 -24
-74 85
95 -95
33 30
-73 -49
-67 -91
-86 53
-9 21
-96 -52
-57 -57
3 -14
76 -79
5 -5
-36 55
93 82
75 40
-27 -37
-44 94
16 -56
-27 23
30 -38
-93 57
18 5
15 -77
-17 -15
-49 -82
57 11
-41 -34
28 -62
-61 12
84 -45
-6 -90
-91 30
95 34
92 60
-5 -47
77 85
46 -83
-68 -94
-80 -92
-74 -43
16 82
54 6
-14 -82
59 -35
97 45
-82 53
-20 30
96 -47
-14 35
-39 84
57 -15
80 19
-13 -59
65 -100
-38 71
29 -97
-65 -96
-21 25
12 -86
48 68
99 72
-98 -30
76 -84
36 81
74 100
-93 73
-32 -84
-60 -16
21 -65
27 97
-65 -21
68 13
-18 66
-56 -63
-100 83
86 -79
-51 -86
67 27
-81 -17
19 -33
-97 -52
-55 -56
88 -1
-42 71
-25 -2
-35 -29
-63 53
-4 -2
-77 99
-93 10
56 -82
-94 -98
21 71
55 73
66 -34
22 -72
57 -76
-38 -84
-73 -61
50 50
22 0
18 16
-89 90
2 -95
99 -36
21 68
66 5
75 -38
-40 85
-98 94
-44 43
25 -38
48 8
78 -24
87 -13
89 -53
70 -6
14 66
-76 96
19 -71
48 -68
-27 100
-19 -92
-27 -30
-85 13
-53 21
-41 -20
89 -80
-35 58
50 53
45 45
14 56
41 -96
-34 11
92 30
-8 -37
-40 -56
-6 34
38 31
29 75
-99 63
-73 -85
93 -71
-3 29
30 21
69 -83
95 -25
-66 -16
-30 12
44 20
-69 -78
-34 50
-94 90
-21 1
-9 79
69 -94
47 -87
-52 26
-9 -9
-77 41
-45 73
-89 -62
-79 -66
-99 71
28 21
15 77
-92 -1
95 48
-33 -39
20 16
47 -1
-69 -90
98 -93
-63 75
25 -56
32 -44
-57 31
-16 -22
-41 -90
-21 49
-61 -36
61 -57
85 -59
95 -11
16 -93
11 -71
20 -65
-11 -81
-98 -36
-47 6
40 50
40 -51
3 -1
-64 52
67 98
-6 -73
24 -98
81 68
-73 61
-98 26
42 -68
75 5
-57 -68
15 -42
-20 97
-55 52
79 -31
12 5
65 62
30 -63
-51 -29
-60 94
-97 -56
-3 73
-78 6
30 -12
71 5
30 48
-54 -77
62 -53
-41 -80
-57 3
70 -8
-40 -62
36 96
91 76
79 -75
58 29
33 -31
59 -44
-72 88
-14 -55
-92 -78
-17 -33
-56 1
93 -8
-67 38
-31 24
-87 -57
-80 -25
64 9
39 65
-95 19
-86 -60
53 47
-51 26
-17 -27
-1 35
0 -14
-91 -9
48 13
47 100
-30 43
-55 -44
-22 62
-57 54
-30 46
-45 87
12 13
-54 79
11 -86
-45 -15
-7 29
40 66
20 -82
64 -56
-20 72
-3 -83
-79 72
-92 47
-64 15
42 -100
72 -47
12 49
-14 49
-67 -38
-21 91
-30 -66
-49 -23
-27 76
-47 98
57 -61
18 34
45 64
-23 17
-16 52
-25 -76
-21 -74
25 65
2 43
56 26
17 99
-69 -4
19 -5
69 33
47 88
100 -84
-76 56
29 -34
99 47
44 -64
54 16
56 -6
12 6
58 57
-50 8
20 -22
-48 -100
45 41
-47 -15
-99 -86
70 -68
82 86
100 25
85 41
49 98
-78 96
98 -24
-25 -3
-43 -16
46 -26
60 -18
-53 -2
-76 -74
45 17
-92 93
29 4
-63 -72
27 -67
57 -92
95 -84
1 -95
24 68
57 83
-36 41
85 29
-18 39
45 20
11 75
65 26
46 85
92 -95
79 39
79 -49
18 73
55 -53
-94 -64
87 -26
-13 -85
66 11
-43 -70
10 -39
-83 -53
-59 57
47 -18
-92 36
15 58
-34 90
-54 -74
43 93
85 -93
75 11
-39 -58
-55 -11
-16 15
88 30
30 6
38 -76
50 -61
92 26
-90 -26
-32 -40
8 -48
-96 -21
94 24
-82 -40
9 13
-26 47
-53 29
20 -17
23 100
35 -100
-24 42
-20 51
85 31
91 98
-64 54
19 78
13 12
79 15
-100 -24
31 55
-27 -61
-97 44
62 -30
76 6
16 -62
-7 -78
-25 65
-51 -54
49 -19
97 7
62 -60
-21 79
27 41
14 98
61 -81
-98 57
-35 46
25 -42
-2 8
15 80
61 14
64 -83
-7 84
61 28
-58 -33
-89 42
29 -85
10 9
67 -4
-68 40
19 42
70 19
78 -82
14 -21
16 -46
43 49
86 -58
-41 23
-37 70
46 -16
41 -81
-99 -22
56 18
-83 18
10 78
-83 3
-2 26
2 -79
-73 87
-26 11
58 -53
-8 67
83 -49
18 -66
-99 36
59 38
-93 92
-67 40
48 61
-92 92
44 -55
-9 -88
71 -82
54 -5
-52 23
-45 6
92 -53
75 -79
-64 -75
-12 -36
66 -48
-84 -80
-55 66
33 2
77 -14
4 -97
-73 -3
13 87
58 5
-90 -3
99 87
-82 16
89 72
-46 25
44 89
43 31
-3 -20
96 19
89 -74
-71 33
-37 90
-6 -47
-82 1
-84 -77
-19 -28
100 -43
-27 66
-55 56
51 35
23 96
-32 51
-11 -85
85 -39
-60 -28
85 43
-40 23
72 -52
-61 28
-63 -19
81 -78
82 -70
-20 -95
-40 -72
-46 -31
-18 67
32 -93
-88 -37
-69 55
-98 82
-90 67
60 23
-65 -98
67 19
-24 41
99 -40
-71 -12
-36 -99
-5 55
-73 69
-3 26
78 43
28 -91
81 41
55 80
3 64
-21 -19
-14 -30
-29 95
-58 23
-72 56
35 -65
-60 -67
-30 -55
-19 -24
64 69
-60 33
87 -10
88 -24
-19 -49
-54 16
-37 -91
-6 73
28 -77
-30 73
1 -23
27 71
37 -15
5 -13
-65 80
11 -92
35 -1
87 -88
-14 75
86 54
-71 -83
-22 97
-17 77
-46 -90
38 -13
-51 -79
30 -14
58 -94
61 -47
81 -91
50 -50
99 92
-59 82
31 27
-56 -23
36 -59
-8 -58
-35 -28
94 87
95 58
35 -21
36 5
-17 -59
24 -47
-25 -85
-24 -63
24 81
-6 57
92 25
-75 -83
93 -7
-48 -55
36 -16
43 -35
-27 22
-44 -15
-14 41
43 52
-9 -45
-41 9
88 96
-30 64
53 69
20 -2
-94 98
40 71
-65 -60
-69 -25
43 71
18 8
31 25
-6 -24
2 -7
75 -89
42 84
76 -66
0 42
-60 -6
-80 88
-57 -77
-41 -84
39 8
97 -69
24 73
-85 6
21 -9
-70 -84
60 63
27 74
-81 -27
62 -93
28 38
-17 -50
-60 -12
22 -61
98 9
40 92
-46 -13
93 16
95 89
-38 44
-40 15
37 -53
95 -71
26 20
-5 54
36 87
-20 -60
-89 24
35 -68
1 -28
-12 -26
81 14
89 96
-5 36
-27 68
3 37
-84 -61
80 52
74 -100
-85 -80
-28 -91
-6 -74
34 -67
-87 -62
0 -5
-90 -65
-87 3
-83 11
-78 -73
-11 78
-13 -18
-19 64
53 77
-69 -30
-13 -88
49 -11
34 79
-9 -54
-28 78
21 -81
90 -50
6 -52
65 25
-75 59
-84 -51
54 -8
94 -57
40 -56
7 -37
86 32
-36 67
-65 68
-86 60
34 -10
35 -41
4 86
-7 -77
-28 -35
31 -97
1 15
-13 80
-59 73
-38 -19
-18 -63
85 12
69 -26
38 55
54 -15
-20 -30
67 26
70 -89
34 -29
-52 72
-71 -64
-41 2
14 55
79 -23
-71 -48
-9 64
46 11
-51 -71
-24 -50
91 -58
-85 -85
-47 -57
7 11
27 -97
-72 53
36 34
-45 -37
-23 -92
51 -52
-68 69
75 -87
88 48
50 39
36 -65
-43 73
-13 33
56 80
-97 -54
41 70
68 54
-66 -58
-44 -78
-94 15
-96 -79
73 -78
22 63
41 52
5 -32
100 -96
-23 88
68 81
94 77
-42 -93
8 28
-97 -34
24 -32
16 18
65 -48
-96 -82
-83 80
34 60
58 -25
-47 11
-1 74
78 -86
-15 -56
37 -61
-20 16
47 75
-35 19
1 13
79 13
-45 94
49 -47
-1 54
-40 76
91 90
57 -37
-28 -16
-84 32
-28 -87
-17 83
2 30
15 -36
21 35
-48 72
50 46
97 74
-9 83
82 34
76 -6
-6 -44
100 67
-57 36
-51 18
43 77
-42 51
31 -79
-63 -66
-71 85
31 36
-94 -9
-77 91
-61 74
-40 -95
-18 21
-61 10
-53 -61
-68 -20
-67 33
99 29
16 65
20 46
57 57
79 50
30 60
-64 -23
-89 -92
-65 28
-62 -82
-82 -86
-84 -96
67 75
86 -29
33 29
76 -38
51 -17
-53 -41
49 -88
80 -63
86 84
24 50
2 -8
69 -21
-19 -53
-92 4
-34 -31
-50 -18
-35 -93
75 83
-3 31
-91 66
-99 -91
6 -62
-7 51
-17 -97
-74 63
-81 76
65 27
20 -80
-15 -97
29 54
42 -42
-31 29
0 -34
32 92
-56 30
-74 -79
-84 99
56 -46
8 16
18 -56
-40 86
-91 -24
-19 70
30 -85
65 87
18 -38
-97 -38
-8 8
-91 -72
1 -63
24 60
-70 16
-80 -10
-26 58
-55 88
-50 -51
-63 3
-72 -17
76 39
-76 40
-98 -18
-97 23
1 60
-30 67
-37 -60
-68 82
-43 -45
32 -62
94 58
-62 -6
45 -30
18 77
-44 -21
-42 8
-97 -64
0 17
-3 58
3 89
15 72
78 19
98 20
35 59
-56 -14
97 60
-69 18
83 -71
-18 55
-24 66
22 -100
-22 20
90 32
79 -13
54 -61
61 31
-83 99
28 26
0 -2
45 -84
-28 -18
-78 -87
-59 90
-24 -1
-95 28
-30 7
68 76
43 78
-40 11
-6 -5
-51 1
79 -8
-24 -74
-16 -58
95 -82
-41 30
26 -42
-4 26
7 89
47 -47
-35 -84
-40 84
78 -65
56 -94
-48 44
-54 60
-26 -91
83 9
43 -25
-51 -52
-22 39
-19 -10
-47 64
54 -30
39 94
-28 -57
-48 18
86 23
86 31
-10 38
1 -67
97 -58
-27 -14
63 -12
15 -89
78 9
-14 23
80 3
30 57
61 62
94 -35
-6 0
12 42
-27 86
22 21
-45 34
-74 28
65 -66
87 17
-31 98
-96 -12
-8 69
-44 -29
49 94
3 -99
-96 42
13 -89
4 61
5 74
-67 -74
-40 32
32 -18
56 93
-3 -35
3 -4
49 -12
-90 94
26 52
18 -29
59 70
-80 -86
-10 99
-97 36
100 -4
80 -1
-54 -55
34 -53
-82 94
-4 7
92 -93
-3 -43
63 68
100 74
16 23
38 -43
-21 3
23 -89
-18 100
65 50
82 84
51 75
-81 40
92 -34
-30 -15
-49 -34
27 12
42 -60
-13 62
-12 81
7 -16
-86 -61
70 8
-18 48
-56 93
-66 33
-87 -38
-86 -53
70 78
-14 9
-29 -49
29 -17
91 -26
50 59
56 20
5 76
-3 -79
82 -5
14 93
-11 -48
99 -99
-17 -28
60 -63
3 -16
27 66
-90 -93
-73 77
-66 72
60 -94
44 26
-81 -73
-83 -37
40 74
76 61
-85 79
34 18
65 65
-28 -77
-46 -76
2 5
-54 -66
-58 3
-82 -30
-19 66
82 -15
-77 -10
-42 9
74 35
91 -43
67 16
-76 53
50 -40
82 -22
86 -90
-24 21
41 61
-44 82
10 -4
16 -63
-89 73
-38 -83
-82 75
20 76
26 -80
99 -43
-88 -67
63 100
-6 7
-36 75
-81 27
-51 -36
-58 -87
71 -28
-34 46
35 44
45 -54
58 -61
6 -20
-9 68
4 -40
92 17
16 17
-66 -75
-6 68
28 35
-25 -17
-51 -47
-59 88
49 52
60 38
35 54
55 11
-2 -22
35 17
54 47
24 -87
-73 -18
1 40
90 -25
-37 -30
5 -10
-87 96
-83 15
65 91
62 -28
45 -2
84 -13
61 69
-1 40
-56 -11
-32 -39
40 -2
6 -81
-25 -88
-28 -73
-13 9
-41 -33
98 53
-70 13
-20 46
97 -78
85 -47
76 -3
4 39
-17 23
39 -91
54 89
-78 -82
37 99
94 71
76 91
15 -18
2 -70
-76 -67
94 -25
22 97
-57 75
27 7
55 63
-57 -10
-98 67
-78 -46
75 -97
-65 29
-21 -59
-22 -48
-79 67
-36 22
-85 7
-47 69
-40 -49
66 -86
21 73
77 12
-7 88
20 -78
63 -8
-87 -77
65 59
95 -54
72 -96
-60 28
-81 60
58 48
-7 -66
57 -45
-42 21
90 -57
29 58
41 -49
90 64
30 12
-39 -8
98 68
40 55
74 94
34 -61
16 52
0 6
92 76
4 51
8 3
75 -59
-39 66
-64 12
-25 59
4 28
27 -74
-63 -69
-48 -73
-12 -32
-38 -42
19 77
-96 -18
60 -41
-58 42
14 18
-11 -83
-61 29
-70 22
11 54
-95 -9
50 14
-83 -27
-95 -44
-87 9
-53 59
-58 74
47 97
-93 -65
14 22
-75 46
-57 -75
-35 -13
100 -41
-93 36
-81 -83
-37 12
62 48
100 19
62 -21
91 -69
-72 98
-50 -49
-72 -71
-15 -93
-64 -42
75 -72
-62 -32
-22 -79
-3 -88
12 -95
-74 26
-36 -21
99 0
64 -18
88 9
76 -22
-22 45
-43 -27
-61 52
-35 -38
5 -22
84 -3
-98 14
-39 -91
-29 18
-34 -17
57 -43
44 -7
-63 -57
-66 7
-59 47
-38 50
16 35
-88 -46
76 29
7 -24
-80 -98
-84 -35
58 -58
-80 59
17 21
31 45
-79 -2
-28 1
-51 -61
23 69
42 -83
-91 67
28 -94
-41 -3
100 -45
52 7
-33 -19
73 -20
-79 61
-1 3
-41 -31
-53 9
-28 -85
68 31
15 31
-60 84
45 1
-86 -47
54 -43
-90 58
24 -29
0 66
-55 -46
36 -55
-68 37
60 91
-41 55
-13 -51
-40 70
-82 49
1 -52
-59 -52
-47 -46
87 55
-62 -25
-39 70
81 -71
71 72
-55 -6
26 -44
-31 37
83 -1
-53 -74
-28 -72
40 67
-91 -54
8 41
34 68
-47 -74
-32 -32
-75 -41
-66 43
-33 -21
-4 -5
57 -93
45 83
39 2
61 6
95 93
78 -93
-47 -4
-35 -36
-40 91
-93 8
97 -100
-11 -35
-62 -98
-40 -90
70 -81
61 90
59 -72
70 -11
-32 32
13 35
75 -43
80 5
68 -68
-10 -71
25 -76
-14 -26
-83 -58
-9 -32
81 -50
48 74
97 -64
46 -35
31 -29
-93 18
-92 -57
19 -93
-25 -7
78 87
90 -9
55 57
-3 66
-25 -100
75 7
-69 -3
-18 -37
-69 -31
-51 -84
-83 -62
78 82
-88 -47
-34 59
11 45
-99 -67
83 -4
82 9
-37 87
1 44
26 5
1 45
-1 -61
58 -62
-13 12
-62 75
-56 -41
66 -88
-82 39
31 17
-75 11
21 -7
-3 -59
19 63
67 -16
88 -96
91 -29
23 -48
73 93
64 57
-27 -69
22 29
-11 -5
77 -27
45 36
12 98
81 99
1 -55
-50 24
-21 84
23 -99
-49 44
-45 59
20 -71
55 87
-66 -91
-32 67
-43 89
-2 4
8 36
-12 93
-59 -4
-49 89
-47 91
-22 6
-14 52
99 -94
-14 97
-49 20
-21 -71
10 -61
-90 -74
-20 -27
41 -50
30 94
-95 -85
9 -53
81 -65
85 88
-100 -41
-5 -26
53 67
-4 40
-60 -51
-56 -55
74 -63
92 -46
-98 -61
68 -13
-96 99
89 -36
88 -65
93 -28
-55 2
-95 5
29 17
41 77
-21 -23
62 90
-1 -76
64 76
-50 26
31 39
85 -73
-54 98
-23 65
77 -41
61 43
10 -86
20 97
87 16
-7 40
1 43
6 -83
89 -59
68 72
88 -90
-15 75
27 -14
75 -2
57 9
3 51
34 -97
-91 95
-60 -44
78 32
13 -31
-41 15
-15 -42
64 82
-67 77
-32 -58
5 85
97 62
-12 53
-49 -38
-80 -41
-20 83
-8 2
95 50
62 46
-72 -15
5 -15
70 -38
38 84
-36 -26
34 86
31 -86
-61 -19
-72 9
-67 -10
-1 -13
87 -93
94 -27
-27 79
-42 -10
32 -97
-71 60
94 -29
-99 -85
-66 24
68 -4
-22 78
85 61
80 8
-46 45
-82 -58
91 79
30 -2
76 43
-99 76
52 51
-91 -53
55 78
39 -33
-36 -37
74 -96
48 -96
96 9
57 89
92 -39
53 -95
9 63
98 75
-86 79
-69 -48
15 45
-52 -34
39 -1
3 65
6 53
-40 18
-87 50
-82 77
94 93
-66 51
-6 -78
-6 -32
31 -20
-27 -67
-50 59
-75 85
24 -39
46 20
-67 -59
25 -53
78 88
-29 -89
-50 -95
29 16
61 30
51 -35
11 53
86 -98
-14 -75
54 61
8 87
-14 -79
26 -51
22 -68
-81 -36
-83 -1
-51 -43
52 -55
98 11
-60 66
94 -55
4 -92
63 90
-19 -89
-30 94
40 75
-56 -70
34 88
21 -57
-81 94
-99 -83
-95 -62
-9 93
-9 -58
-25 3
-67 54
-89 -83
-97 -88
66 36
87 -4
-14 -42
0 13
67 -98
50 -88
73 -15
62 -67
-93 38
-63 32
-29 77
89 -9
10 -96
20 -86
99 4
59 28
16 -82
28 -79
10 28
98 -87
-90 25
-24 -32
5 60
70 76
13 -26
96 20
-56 68
54 83
-96 77
-77 58
-93 -72
77 2
-53 54
-70 -40
-38 68
30 -77
-29 -48
44 -69
12 2
72 -54
-5 -36
80 88
-96 -76
-3 -17
15 33
-100 12
50 -34
40 78
-73 -21
1 0
-60 -41
-66 -54
-20 -87
-64 8
20 94
-17 57
93 -94
97 -7
-81 -31
67 73
-88 35
96 -85
-8 75
56 -89
-16 -87
16 -2
2 32
-8 -52
24 -31
-63 6
-75 53
3 -96
-90 -90
-68 -64
29 -82
73 -52
9 10
17 -86
-90 22
-15 85
92 -45
76 60
43 -42
-92 -39
-66 -82
41 -59
17 41
33 81
35 12
30 45
-74 38
20 -33
-59 -76
65 75
-69 59
-62 21
40 0
-25 78
7 16
-90 42
4 -74
-95 76
23 82
52 70
-30 20
62 -85
-41 56
-99 -88
80 39
-63 38
42 -24
53 87
-71 -50
64 11
37 -55
-16 14
-77 13
27 39
-33 7
27 -54
-68 90
-62 44
69 98
-42 5
3 95
38 -75
1 4
2 -54
42 90
-18 -90
-88 52
86 30
-49 -87
53 -41
-94 -87
-52 -60
6 33
67 -33
-80 -3
-39 56
42 -97
-9 -78
13 -76
-36 89
-70 -28
-8 55
51 96
23 -91
10 64
-60 -90
52 38
-27 -22
91 -2
19 -83
-71 47
-99 -48
75 63
92 -27
1 59
25 41
32 77
-17 92
-35 -26
18 -2
69 -76
-8 -30
-92 64
73 71
15 61
-70 41
-49 -10
47 -71
-65 27
-39 -59
91 -98
15 15
-65 34
-10 -58
77 11
96 -16
65 80
13 -18
-91 -32
-71 71
24 -36
23 95
47 -59
46 9
39 76
99 36
28 28
-38 18
-23 -29
13 -51
-29 -35
-19 43
15 -82
34 -100
-19 -11
-38 -49
-18 5
29 -64
93 -79
87 -1
-37 -44
-43 -5
20 -12
15 81
77 -97
63 -63
57 -13
57 96
-90 -81
-84 45
44 42
62 54
41 51
-88 39
22 -21
-31 71
-13 -77
2 -38
75 -63
77 96
-71 -36
-66 22
20 14
69 -39
-89 30
-82 -90
59 -9
-55 -64
-61 67
19 -11
-4 -6
-40 -76
-83 46
0 65
-42 18
-71 -70
-46 100
-14 88
-91 48
36 -89
-36 36
13 -22
82 -24
75 -56
39 70
16 67
53 -38
-12 -41
60 -8
21 -1
-30 -84
75 69
74 51
88 73
80 70
-24 -13
-71 -84
100 55
-91 34
71 90
22 86
-84 -62
-43 -31
5 86
-83 -79
7 -44
-70 -54
-61 73
-62 6
51 -25
-22 -10
38 13
89 15
53 -67
-72 31
-100 70
-91 55
-77 9
-6 20
46 70
-41 64
-96 -93
59 32
-84 14
-17 48
93 75
89 -69
6 90
15 6
-24 9
-71 -33
-21 100
-33 -80
-77 -7
47 91
99 14
3 39
-92 -63
54 98
44 22
100 -27
19 -47
71 0
-30 -69
99 -100
-12 2
100 97
97 -74
-24 -44
60 -3
61 71
66 30
-64 56
6 38
-17 -11
-62 -24
50 99
-10 -40
-39 -42
-74 8
-65 42
-55 -36
95 -10
44 49
-73 -75
-13 13
-84 73
-66 -25
82 -34
-59 69
-73 -50
-98 -16
67 -11
-43 72
-2 48
-52 -18
89 71
98 -64
82 -90
-83 -80
51 -40
6 72
30 91
-95 10
83 38
52 46
-76 -75
-27 59
-11 -14
28 -67
-16 81
6 47
-28 88
-51 66
-31 16
-12 41
-82 -19
23 -34
97 32
37 -33
-90 -19
56 11
-92 -50
20 92
-42 91
95 -30
-12 67
7 51
0 -45
-28 35
59 -50
70 0
59 -45
-56 -60
91 53
-16 77
30 92
-59 48
-99 -53
4 88
-60 73
30 -78
-62 -100
-68 78
27 46
-96 -69
25 16
36 12
73 80
50 91
54 40
-53 64
-59 -53
-50 -25
70 36
-65 57
27 49
-79 -46
-30 -36
47 -10
-53 -49
-41 3
36 77
97 14
51 -84
-61 -69
39 62
38 7
-10 -56
-89 -13
-55 -24
72 -4
41 -97
-31 94
3 87
-4 34
-54 -78
44 -10
16 -80
-36 -2
68 4
11 8
98 45
30 70
72 -32
-45 23
27 -4
45 67
8 -59
-35 -52
16 21
100 47
-24 -3
78 48
69 -18
-15 29
64 52
-50 -66
17 0
22 -71
93 63
51 -65
9 72
-30 -2
-26 89
84 -43
69 -42
-55 27
-26 -79
-46 -98
2 52
33 -83
44 90
-19 71
54 -96
60 21
-30 83
15 56
28 -9
-13 22
-2 -30
-1 60
-35 -54
-73 -2
-45 -31
-9 24
-32 78
27 37
14 45
-79 -1
-55 -59
62 20
-93 -19
-11 -57
-43 -96
51 -45
46 6
-84 -37
57 -63
-47 94
-14 -38
-76 9
-19 9
-54 63
-50 12
-12 -98
-32 -11
-47 79
45 15
-16 -18
-87 35
79 -30
-100 46
-99 -10
72 87
-100 49
-42 26
87 93
80 -95
10 -89
26 -8
3 -75
-76 -16
-66 -72
54 25
-5 75
-47 87
24 -57
91 -70
60 -53
-41 -85
-87 92
-18 -65
73 -12
-96 34
64 -11
-7 -95
2 88
19 49
-32 -64
25 -36
-67 53
-74 -51
-1 7
-98 -68
-42 4
-55 91
97 64
-53 10
-85 -62
-95 84
28 1
-2 42
12 -91
-64 10
-91 -59
83 -60
-68 81
-20 55
-76 34
-27 70
-83 -31
25 -23
-52 78
-16 99
-21 -72
8 90
-35 -46
-58 -78
-93 64
46 -74
-29 91
98 -49
-70 -60
-58 90
0 90
-100 62
-57 37
-88 80
-85 -40
-41 7
-85 28
33 -70
86 39
79 98
-49 43
4 -21
4 50
6 66
9 -44
87 -48
83 56
-15 46
83 83
33 64
77 -10
10 -40
-52 89
90 -44
-29 -79
98 -73
-13 23
83 37
92 -18
-97 39
-24 59
-85 -31
-30 9
-9 61
81 57
-91 93
44 9
-22 -41
-66 -44
40 -17
48 -76
-26 -78
62 -46
56 72
-98 44
-47 26
7 30
-9 -68
-98 -34
32 -59
-86 -29
-11 -44
-37 -96
-17 -86
50 76
77 -82
-14 34
-50 -30
-36 -41
-31 58
87 -61
-8 23
34 8
-54 73
-20 -5
-93 65
58 71
47 62
-1 -1
-86 -19
-63 82
31 -76
-51 29
20 -13
-16 -92
-82 -1
71 2
-100 -27
-93 3
-82 56
-89 -12
-73 95
-51 -23
-1 -83
18 -18
-37 45
13 -100
-83 16
33 13
-30 22
-59 11
97 -23
100 -58
-79 -54
-86 34
-70 -9
96 -8
55 43
-95 -29
-88 58
94 86
-52 50
18 -10
-47 -97
51 60
-2 84
76 78
17 46
-11 13
-10 -29
82 -7
-59 -27
96 -56
-5 87
13 66
65 14
68 89
-19 41
-81 18
-57 -49
-23 -13
-31 -20
-30 26
-16 97
-57 34
6 18
-58 -44
-26 -33
15 -4
84 0
-77 -6
-71 -53
55 -29
-70 10
88 -71
79 -36
-20 43
22 69
74 95
29 -56
55 26
56 100
-79 -13
31 78
96 69
-36 -91
4 65
45 -50
85 72
92 -11
-23 -94
-60 -98
-17 44
-79 71
-18 28
-15 -12
6 -39
-83 94
-74 -95
-7 58
-46 -9
19 -98
-6 51
-37 14
-56 60
-58 -22
20 -73
77 -98
-30 -38
38 80
-66 60
-44 66
97 19
30 -22
-42 -59
19 -62
-8 -70
-22 47
-10 -33
-5 8
-63 98
-43 -4
88 76
-24 -14
-89 -29
49 -64
82 49
60 4
-30 87
-36 96
-11 24
81 25
-94 47
89 98
87 90
97 90
21 -5
-26 -16
-78 -34
-22 54
-69 -63
66 -35
-50 22
71 -73
59 -22
37 -31
37 61
-46 -32
47 74
22 58
-3 -29
-62 -57
-44 -98
-71 95
-61 82
-94 6
100 11
-71 -35
-97 -81
-2 -7
-76 -53
-54 19
-5 66
4 -25
12 54
-64 -55
14 -90
74 47
16 37
-4 75
-88 66
